106
865
967
1217
1664
1730
1914
2464
2534
2654
2661
3456
3582
3973
3975
4162
4767
4820
5169
5393
5773
5937
6141
6203
7445
8326
8729
8853
9141
9368
9437
9764
9863
9963
10667
10951
10996
11347
11501
11606
12174
12345
12417
12919
13008
13015
13078
13132
13904
14846
15092
15221
15301
15403
15569
15669
15759
15972
16003
16260
16373
16402
16607
16608
16970
17070
17093
17154
17702
18157
18336
18452
18808
19106
19867
20061
20608
20639
20756
20987
21133
21370
21680
21683
21785
22284
22704
22797
22851
23567
23660
23713
23717
23912
24008
24047
24099
24130
24154
24677
25100
25102
25129
25560
25609
25636
25740
25971
26282
26690
26799
26849
27239
27431
28436
28791
28900
28917
29046
29332
29391
30563
30638
30757
30851
31010
31179
31653
32111
32460
32788
32864
33060
33616
33648
33673
33771
33788
33798
33923
34540
35399
35662
35984
36042
36287
36505
36991
37114
37568
37966
37986
38017
38075
38115
38191
38320
38454
38584
38655
39553
39720
39903
40005
40121
40263
40457
40778
40942
41959
42260
42385
42480
42524
42694
42815
42855
43003
43674
43715
43737
44411
44659
44731
44922
45039
45161
45369
45986
46086
46262
46316
46463
46803
47038
47815
47886
48068
48081
48273
48489
48805
48863
49382
49566
49602
50632
51411
51643
51664
51977
52064
52923
52945
53131
53180
53422
53499
53526
53528
53714
54292
54379
54444
54722
55010
55524
56517
56713
56955
57160
57949
57982
58515
58671
58701
58943
58992
59433
60267
60355
60389
61506
61597
62116
62567
63219
63491
63720
63992
64278
64309
64446
64615
64832
64886
