4
13
16
22
31
31
32
36
44
52
53
58
60
62
64
69
74
74
82
88
98
101
105
106
107
107
112
130
135
135
140
140
142
142
142
145
155
155
161
171
172
183
183
188
188
195
199
202
204
220
226
234
244
245
246
248
251
252
259
270
272
274
281
285
287
290
298
322
331
337
340
341
341
346
346
351
373
374
381
382
383
386
386
390
393
399
400
401
405
411
416
422
426
426
433
442
445
445
448
451
455
462
462
463
463
466
476
480
489
494
494
494
501
503
504
506
508
520
522
525
526
530
536
540
549
552
554
559
561
562
572
580
582
582
594
602
605
611
613
615
616
622
623
636
641
648
651
656
657
657
657
662
671
673
674
678
681
691
694
704
705
707
710
710
719
723
734
735
738
740
742
748
757
758
758
769
770
776
779
781
781
782
788
789
791
807
808
811
812
815
823
825
826
827
832
836
849
851
853
855
858
860
864
865
867
869
870
873
880
883
885
886
889
899
900
901
902
905
923
929
934
938
940
954
956
962
963
967
970
982
984
989
991
991
993
995
997
1004
1012
1018
1019
1021
1024
1027
1028
1029
1033
1035
1035
1045
1053
1055
1056
1057
1063
1077
1083
1092
1100
1101
1105
1107
1109
1121
1127
1137
1141
1147
1148
1160
1162
1165
1166
1166
1167
1169
1172
1172
1178
1182
1187
1192
1197
1200
1200
1212
1214
1214
1217
1222
1232
1233
1239
1242
1244
1249
1260
1262
1266
1272
1278
1284
1289
1290
1291
1300
1303
1311
1313
1321
1324
1327
1327
1333
1335
1336
1337
1344
1344
1348
1350
1357
1358
1359
1359
1361
1367
1368
1368
1377
1384
1384
1387
1390
1390
1406
1408
1409
1410
1416
1417
1431
1438
1440
1443
1447
1448
1453
1455
1458
1459
1459
1460
1463
1464
1476
1477
1487
1494
1497
1500
1507
1516
1521
1523
1527
1527
1531
1536
1537
1539
1552
1557
1562
1563
1569
1569
1573
1576
1578
1585
1586
1586
1590
1595
1609
1610
1636
1636
1645
1646
1647
1649
1650
1653
1657
1658
1659
1664
1669
1673
1678
1678
1682
1685
1691
1691
1695
1705
1710
1721
1721
1724
1730
1730
1730
1739
1741
1742
1744
1746
1746
1748
1753
1757
1776
1812
1821
1822
1832
1839
1839
1841
1843
1844
1846
1849
1858
1867
1887
1892
1894
1895
1895
1899
1904
1907
1909
1909
1909
1911
1912
1914
1918
1921
1924
1928
1937
1938
1940
1944
1956
1959
1959
1967
1967
1971
1980
1997
2003
2003
2010
2011
2011
2014
2024
2034
2034
2035
2037
2042
2043
2045
2045
2047
2049
2049
2053
2062
2064
2064
2067
2068
2069
2072
2074
2082
2090
2091
2095
2096
2096
2097
2099
2100
2109
2113
2122
2135
2141
2143
2144
2146
2155
2164
2175
2176
2183
2188
2192
2192
2203
2203
2205
2208
2210
2211
2213
2214
2216
2223
2225
2227
2228
2228
2230
2238
2241
2246
2248
2258
2263
2263
2273
2278
2278
2279
2283
2285
2290
2302
2306
2319
2321
2331
2333
2335
2336
2338
2338
2338
2348
2351
2359
2359
2361
2368
2369
2370
2371
2374
2388
2391
2391
2391
2392
2403
2409
2416
2419
2426
2432
2434
2437
2439
2443
2450
2454
2454
2456
2456
2458
2459
2464
2464
2466
2466
2469
2473
2480
2480
2480
2485
2493
2505
2507
2518
2519
2522
2529
2533
2534
2534
2536
2537
2544
2545
2551
2553
2555
2559
2560
2562
2570
2573
2582
2586
2588
2595
2595
2603
2606
2612
2614
2619
2621
2628
2632
2639
2641
2648
2651
2654
2654
2656
2657
2657
2659
2661
2662
2664
2670
2679
2683
2684
2686
2696
2699
2700
2706
2707
2732
2736
2736
2738
2739
2740
2748
2762
2766
2768
2771
2772
2774
2774
2775
2776
2780
2788
2796
2800
2802
2802
2806
2809
2813
2814
2817
2822
2827
2833
2833
2835
2837
2841
2847
2849
2850
2854
2857
2862
2863
2865
2871
2881
2889
2890
2891
2893
2899
2900
2900
2902
2915
2921
2924
2944
2944
2948
2958
2965
2966
2976
2979
2994
2996
2998
3001
3001
3007
3008
3009
3013
3019
3026
3027
3027
3028
3028
3056
3058
3061
3070
3070
3072
3077
3078
3079
3085
3088
3090
3099
3101
3101
3103
3103
3109
3123
3126
3130
3131
3149
3151
3152
3160
3165
3168
3170
3176
3178
3184
3191
3193
3196
3200
3202
3203
3204
3217
3219
3225
3227
3229
3231
3232
3233
3236
3240
3241
3247
3248
3249
3251
3251
3253
3255
3261
3261
3273
3274
3275
3277
3285
3287
3292
3297
3304
3309
3315
3319
3319
3334
3336
3353
3366
3373
3382
3384
3396
3398
3399
3403
3407
3420
3427
3431
3432
3447
3447
3449
3451
3452
3454
3456
3456
3464
3469
3470
3476
3477
3478
3478
3478
3482
3484
3486
3488
3503
3505
3512
3518
3523
3524
3527
3533
3533
3534
3535
3544
3548
3558
3559
3562
3564
3566
3573
3581
3582
3592
3594
3594
3596
3601
3610
3613
3614
3614
3626
3633
3634
3636
3637
3640
3645
3651
3652
3652
3654
3654
3665
3667
3670
3671
3677
3682
3685
3690
3691
3694
3694
3695
3695
3700
3702
3704
3709
3711
3714
3714
3716
3729
3737
3740
3753
3760
3770
3773
3778
3778
3778
3792
3793
3796
3797
3801
3801
3803
3807
3809
3814
3818
3824
3826
3829
3834
3835
3836
3839
3844
3848
3848
3854
3854
3861
3865
3868
3869
3873
3874
3879
3879
3880
3882
3887
3891
3894
3895
3900
3903
3905
3909
3917
3924
3925
3928
3930
3931
3932
3932
3937
3938
3938
3942
3944
3955
3955
3972
3973
3975
3975
3975
3979
3982
3987
3989
3994
4016
4025
4041
4046
4047
4056
4058
4062
4064
4064
4070
4072
4074
4083
4090
4094
4101
4108
4112
4125
4126
4130
4135
4144
4151
4152
4153
4162
4162
4164
4169
4172
4172
4173
4177
4180
4184
4198
4202
4205
4210
4217
4222
4223
4234
4241
4244
4245
4249
4250
4255
4259
4261
4267
4271
4275
4276
4296
4299
4301
4303
4303
4303
4303
4311
4313
4319
4335
4335
4337
4340
4340
4341
4350
4354
4359
4360
4360
4365
4375
4379
4380
4386
4389
4399
4404
4407
4407
4407
4411
4411
4416
4419
4420
4421
4424
4434
4439
4444
4445
4445
4446
4470
4471
4484
4486
4489
4496
4496
4500
4507
4510
4515
4518
4525
4526
4535
4537
4538
4541
4548
4557
4571
4572
4573
4575
4582
4592
4599
4607
4615
4616
4618
4619
4622
4627
4628
4637
4644
4649
4652
4657
4657
4666
4671
4673
4679
4686
4691
4692
4701
4701
4702
4707
4709
4713
4714
4715
4718
4727
4731
4731
4731
4734
4735
4735
4744
4753
4753
4756
4757
4767
4767
4769
4769
4771
4772
4784
4792
4804
4811
4814
4814
4815
4816
4818
4818
4819
4820
4820
4826
4831
4839
4842
4852
4856
4857
4861
4863
4866
4877
4889
4889
4893
4901
4903
4905
4906
4909
4921
4924
4929
4930
4940
4943
4946
4957
4959
4961
4961
4968
4972
4977
4977
4980
4981
4981
4994
4998
5001
5012
5015
5015
5018
5020
5025
5028
5029
5031
5039
5041
5042
5042
5046
5052
5052
5055
5058
5060
5060
5061
5065
5066
5075
5077
5089
5089
5094
5099
5099
5101
5108
5116
5119
5124
5127
5129
5153
5153
5155
5155
5157
5158
5162
5163
5165
5165
5169
5169
5169
5169
5171
5174
5175
5175
5179
5180
5197
5199
5200
5217
5219
5226
5233
5238
5244
5247
5247
5248
5251
5251
5251
5252
5261
5267
5270
5272
5272
5275
5283
5283
5287
5287
5301
5310
5314
5316
5342
5345
5352
5356
5359
5365
5369
5369
5371
5373
5379
5383
5391
5393
5395
5400
5402
5405
5406
5412
5414
5421
5424
5432
5433
5439
5439
5444
5445
5449
5459
5464
5467
5470
5477
5482
5483
5485
5492
5493
5503
5503
5505
5506
5508
5509
5510
5511
5518
5519
5519
5523
5527
5528
5540
5541
5541
5547
5551
5553
5556
5561
5562
5564
5569
5574
5575
5575
5595
5603
5610
5612
5615
5631
5637
5637
5640
5641
5641
5641
5642
5646
5648
5655
5658
5661
5663
5666
5666
5673
5673
5679
5680
5683
5685
5691
5693
5695
5696
5697
5700
5703
5705
5708
5709
5719
5722
5723
5728
5736
5740
5742
5749
5750
5752
5754
5755
5755
5761
5764
5770
5773
5776
5777
5780
5781
5782
5800
5803
5805
5808
5811
5814
5815
5824
5826
5829
5837
5841
5847
5858
5859
5863
5863
5869
5874
5876
5881
5893
5914
5928
5930
5930
5932
5934
5937
5943
5959
5959
5994
5994
5996
5997
5997
5998
6003
6005
6019
6029
6045
6048
6057
6057
6059
6059
6060
6064
6074
6086
6087
6097
6109
6114
6115
6118
6121
6121
6122
6127
6133
6138
6141
6153
6153
6168
6177
6190
6201
6203
6206
6207
6209
6212
6218
6220
6222
6227
6235
6245
6246
6247
6249
6250
6260
6260
6263
6273
6277
6278
6281
6282
6288
6291
6302
6310
6314
6315
6317
6319
6323
6323
6328
6328
6329
6330
6330
6332
6332
6334
6337
6349
6368
6371
6376
6376
6384
6386
6387
6388
6390
6391
6395
6397
6410
6414
6415
6432
6434
6435
6437
6441
6444
6447
6469
6473
6476
6479
6485
6493
6505
6505
6506
6507
6508
6512
6519
6525
6531
6532
6536
6538
6543
6544
6544
6546
6552
6554
6556
6557
6559
6561
6562
6568
6572
6578
6586
6591
6592
6594
6595
6596
6600
6605
6610
6611
6624
6625
6626
6630
6635
6637
6638
6638
6639
6644
6654
6659
6662
6664
6666
6669
6669
6672
6672
6673
6677
6679
6682
6688
6690
6691
6695
6699
6707
6711
6742
6745
6750
6759
6763
6772
6775
6777
6787
6789
6791
6794
6796
6799
6800
6803
6803
6804
6809
6822
6825
6829
6836
6836
6850
6852
6852
6854
6859
6859
6865
6865
6866
6871
6873
6875
6875
6886
6888
6899
6902
6905
6910
6911
6915
6916
6924
6925
6933
6934
6934
6943
6944
6950
6956
6970
6971
6971
6971
6972
6973
6983
6984
6987
6992
6992
6998
6999
7004
7024
7030
7031
7032
7035
7038
7042
7042
7048
7050
7059
7061
7070
7074
7082
7086
7087
7095
7098
7100
7105
7106
7106
7109
7122
7123
7124
7126
7135
7144
7148
7148
7149
7153
7157
7159
7159
7160
7161
7167
7172
7172
7179
7181
7184
7192
7194
7197
7204
7209
7210
7212
7213
7217
7219
7227
7229
7230
7233
7237
7238
7238
7245
7245
7256
7259
7267
7270
7273
7274
7275
7285
7288
7294
7298
7299
7303
7306
7307
7309
7309
7310
7314
7321
7330
7334
7334
7335
7337
7338
7345
7349
7350
7354
7356
7357
7366
7371
7372
7382
7393
7398
7400
7410
7414
7419
7420
7423
7428
7445
7447
7450
7452
7456
7461
7475
7477
7478
7489
7495
7498
7504
7504
7508
7509
7514
7533
7540
7543
7550
7553
7554
7563
7566
7571
7583
7588
7592
7598
7603
7606
7609
7623
7624
7631
7634
7639
7639
7648
7650
7657
7660
7667
7673
7674
7676
7687
7696
7700
7703
7717
7720
7730
7740
7751
7753
7767
7778
7780
7783
7784
7785
7786
7789
7793
7804
7807
7807
7813
7814
7816
7816
7820
7823
7826
7827
7827
7828
7832
7845
7847
7848
7850
7851
7869
7874
7878
7879
7886
7892
7893
7898
7899
7900
7902
7902
7909
7909
7909
7922
7930
7932
7935
7938
7939
7944
7948
7957
7958
7959
7960
7962
7969
7974
7978
7982
7990
7992
7996
7996
7997
8002
8003
8007
8009
8012
8017
8018
8019
8022
8024
8026
8039
8040
8051
8054
8055
8057
8059
8066
8071
8076
8079
8082
8092
8096
8105
8106
8106
8106
8107
8116
8120
8121
8125
8125
8127
8131
8134
8143
8145
8168
8171
8175
8175
8179
8182
8199
8202
8203
8204
8211
8216
8219
8221
8225
8226
8229
8232
8235
8238
8239
8242
8255
8257
8259
8263
8265
8268
8275
8284
8294
8299
8299
8309
8310
8319
8323
8326
8335
8335
8336
8337
8340
8343
8345
8346
8349
8358
8358
8360
8363
8367
8370
8372
8374
8376
8380
8381
8382
8383
8383
8388
8388
8397
8401
8402
8404
8404
8407
8411
8412
8416
8424
8428
8430
8435
8436
8436
8437
8437
8440
8440
8444
8448
8450
8453
8462
8463
8478
8480
8487
8488
8488
8494
8496
8499
8505
8507
8514
8515
8527
8547
8549
8550
8553
8553
8558
8563
8563
8569
8581
8581
8582
8592
8592
8595
8596
8602
8609
8611
8614
8617
8619
8620
8622
8622
8623
8637
8639
8641
8647
8656
8663
8675
8678
8679
8682
8687
8688
8691
8694
8701
8702
8705
8706
8706
8707
8713
8714
8717
8724
8729
8734
8739
8749
8753
8755
8755
8755
8760
8764
8767
8770
8771
8772
8773
8776
8776
8780
8780
8786
8786
8787
8787
8798
8798
8798
8799
8806
8807
8819
8826
8827
8829
8831
8831
8834
8839
8843
8846
8848
8850
8852
8853
8853
8862
8867
8874
8887
8888
8890
8896
8896
8903
8905
8908
8913
8917
8927
8929
8937
8937
8940
8943
8953
8956
8960
8965
8969
8974
8976
8977
8978
8981
8984
8984
8986
8988
8989
8993
8997
8998
8999
9000
9006
9011
9014
9018
9028
9030
9039
9045
9046
9050
9063
9066
9075
9078
9090
9092
9094
9096
9096
9100
9108
9114
9115
9121
9122
9125
9125
9141
9142
9177
9186
9193
9195
9202
9206
9208
9208
9212
9216
9219
9222
9225
9242
9246
9251
9252
9253
9258
9263
9264
9264
9269
9269
9270
9281
9283
9287
9290
9291
9291
9292
9292
9300
9317
9318
9319
9322
9327
9330
9331
9334
9342
9348
9350
9354
9357
9362
9363
9364
9368
9368
9374
9386
9403
9404
9415
9416
9429
9434
9435
9437
9441
9458
9461
9486
9488
9497
9498
9502
9502
9504
9515
9516
9517
9521
9527
9528
9537
9537
9543
9544
9548
9555
9573
9579
9580
9584
9588
9599
9604
9607
9611
9611
9612
9619
9620
9620
9621
9626
9627
9638
9640
9641
9644
9647
9656
9663
9669
9672
9680
9683
9683
9684
9685
9693
9702
9709
9709
9714
9726
9742
9744
9747
9755
9763
9764
9770
9777
9785
9785
9788
9794
9794
9809
9809
9814
9815
9822
9822
9845
9846
9863
9863
9865
9872
9873
9877
9881
9885
9885
9886
9886
9888
9893
9896
9897
9901
9941
9941
9941
9948
9955
9959
9960
9963
9977
9981
9983
9999
10001
10009
10016
10021
10037
10055
10058
10060
10063
10071
10083
10086
10090
10090
10103
10105
10115
10124
10132
10133
10133
10134
10142
10142
10144
10145
10147
10149
10153
10155
10157
10173
10174
10177
10179
10181
10191
10194
10194
10195
10197
10197
10200
10201
10202
10203
10212
10213
10215
10217
10226
10226
10230
10233
10237
10237
10241
10244
10246
10247
10249
10256
10264
10268
10269
10278
10279
10280
10285
10285
10285
10288
10299
10300
10302
10306
10309
10312
10320
10330
10332
10333
10338
10343
10344
10347
10358
10358
10360
10362
10364
10373
10374
10380
10382
10392
10396
10396
10397
10401
10405
10407
10414
10430
10431
10436
10438
10438
10440
10446
10449
10453
10462
10470
10471
10473
10474
10475
10475
10480
10490
10492
10493
10493
10495
10502
10510
10511
10511
10516
10522
10525
10525
10526
10529
10531
10532
10536
10541
10543
10544
10544
10548
10549
10550
10551
10551
10558
10562
10562
10579
10582
10584
10585
10591
10594
10596
10597
10598
10601
10609
10612
10614
10616
10627
10630
10634
10635
10639
10642
10642
10647
10648
10662
10666
10667
10674
10678
10684
10687
10701
10702
10718
10720
10728
10729
10733
10737
10745
10750
10754
10755
10756
10764
10771
10772
10774
10779
10781
10781
10786
10787
10790
10794
10795
10799
10803
10804
10805
10810
10811
10814
10817
10817
10820
10822
10826
10833
10838
10844
10848
10848
10857
10861
10862
10869
10872
10880
10888
10890
10902
10905
10910
10917
10919
10923
10925
10931
10932
10932
10934
10937
10938
10939
10950
10951
10963
10966
10967
10968
10969
10972
10973
10983
10985
10990
10993
10993
10994
10995
10996
11001
11006
11027
11030
11037
11039
11042
11047
11049
11059
11061
11062
11062
11071
11075
11076
11086
11095
11098
11112
11114
11134
11137
11142
11150
11151
11155
11159
11166
11170
11177
11177
11178
11181
11183
11184
11188
11188
11188
11189
11192
11197
11197
11200
11203
11206
11210
11220
11223
11228
11233
11233
11238
11239
11254
11269
11272
11276
11284
11287
11291
11295
11298
11298
11300
11301
11307
11308
11310
11314
11324
11327
11329
11329
11330
11332
11334
11337
11337
11338
11340
11341
11343
11347
11354
11357
11359
11360
11362
11364
11367
11369
11370
11376
11382
11394
11396
11398
11423
11435
11436
11439
11445
11445
11447
11448
11452
11459
11459
11464
11467
11469
11469
11471
11476
11482
11483
11484
11486
11499
11501
11508
11510
11517
11524
11528
11528
11537
11538
11541
11549
11553
11554
11558
11561
11569
11576
11577
11582
11586
11586
11598
11601
11606
11606
11606
11606
11619
11625
11630
11643
11646
11648
11654
11654
11658
11668
11670
11671
11678
11681
11684
11688
11689
11690
11694
11699
11712
11718
11727
11728
11728
11732
11733
11738
11739
11741
11749
11754
11754
11756
11759
11761
11763
11764
11774
11775
11779
11781
11782
11783
11786
11789
11793
11796
11796
11797
11799
11799
11799
11821
11823
11824
11828
11834
11836
11838
11850
11860
11863
11868
11871
11872
11875
11875
11876
11877
11884
11899
11903
11916
11916
11921
11930
11937
11943
11949
11954
11956
11958
11960
11963
11964
11967
11976
11980
11987
11990
11991
11998
12006
12007
12009
12012
12014
12015
12022
12023
12024
12027
12028
12029
12029
12031
12034
12037
12039
12040
12041
12054
12067
12081
12082
12084
12085
12090
12095
12097
12100
12102
12103
12105
12106
12109
12110
12112
12113
12113
12132
12132
12132
12143
12143
12147
12149
12150
12151
12163
12168
12170
12171
12173
12174
12179
12183
12194
12201
12203
12206
12206
12209
12214
12214
12215
12215
12215
12224
12235
12235
12241
12243
12247
12250
12250
12253
12257
12258
12259
12261
12263
12266
12287
12293
12297
12301
12305
12310
12311
12321
12330
12333
12343
12345
12349
12350
12353
12354
12358
12369
12386
12393
12403
12405
12412
12412
12414
12414
12416
12417
12420
12420
12429
12438
12443
12448
12449
12456
12456
12462
12465
12468
12471
12472
12490
12491
12495
12501
12502
12510
12511
12515
12518
12526
12529
12532
12546
12547
12549
12554
12555
12564
12564
12566
12569
12570
12570
12570
12573
12577
12578
12580
12581
12589
12589
12594
12597
12600
12610
12615
12618
12622
12623
12636
12645
12646
12646
12647
12649
12653
12656
12662
12662
12667
12667
12667
12670
12673
12683
12684
12685
12691
12693
12694
12695
12699
12703
12704
12718
12723
12724
12725
12727
12729
12736
12742
12745
12745
12750
12754
12754
12756
12757
12769
12772
12773
12773
12778
12786
12789
12794
12794
12798
12798
12798
12801
12801
12819
12822
12824
12824
12828
12831
12834
12841
12842
12843
12844
12850
12851
12852
12858
12860
12867
12875
12883
12885
12890
12900
12901
12903
12908
12919
12925
12927
12928
12930
12933
12940
12944
12945
12951
12961
12981
12982
12987
12987
12989
12990
12993
12997
13001
13006
13008
13013
13013
13015
13016
13037
13043
13045
13046
13049
13060
13069
13074
13076
13077
13078
13078
13085
13085
13085
13086
13089
13101
13107
13111
13117
13119
13124
13124
13126
13130
13130
13132
13133
13135
13138
13138
13140
13142
13145
13147
13147
13168
13175
13179
13182
13185
13185
13192
13196
13198
13202
13204
13205
13206
13218
13226
13229
13232
13241
13243
13244
13247
13250
13255
13256
13256
13257
13258
13265
13266
13266
13268
13268
13268
13270
13282
13284
13286
13293
13302
13309
13320
13321
13323
13323
13336
13341
13345
13346
13347
13348
13348
13349
13349
13350
13353
13355
13357
13359
13363
13376
13377
13382
13388
13396
13398
13401
13401
13416
13423
13424
13427
13428
13428
13429
13431
13432
13449
13451
13452
13453
13463
13464
13466
13467
13472
13477
13490
13491
13493
13498
13501
13502
13504
13504
13512
13512
13516
13517
13527
13527
13529
13531
13532
13533
13541
13543
13555
13563
13563
13564
13565
13567
13572
13574
13578
13588
13589
13594
13602
13616
13616
13620
13623
13630
13631
13635
13638
13639
13639
13642
13650
13653
13658
13661
13666
13674
13674
13675
13676
13679
13684
13690
13692
13695
13695
13704
13706
13725
13729
13730
13733
13740
13741
13748
13758
13760
13760
13763
13764
13764
13764
13780
13785
13789
13790
13808
13810
13817
13821
13823
13828
13830
13835
13835
13844
13847
13848
13851
13855
13857
13860
13864
13877
13882
13885
13888
13891
13895
13904
13906
13922
13928
13937
13937
13937
13940
13940
13944
13946
13955
13959
13964
13964
13967
13970
13975
13983
13986
13991
13993
13995
13998
14001
14002
14002
14010
14011
14012
14015
14018
14019
14019
14020
14020
14029
14047
14050
14054
14055
14056
14057
14060
14066
14070
14078
14088
14094
14095
14100
14108
14110
14114
14115
14115
14118
14134
14136
14141
14148
14150
14155
14165
14167
14170
14171
14177
14178
14183
14196
14197
14198
14199
14203
14209
14210
14210
14213
14221
14223
14225
14225
14226
14230
14234
14241
14243
14247
14248
14250
14251
14252
14261
14266
14269
14278
14288
14290
14292
14294
14311
14311
14312
14317
14323
14324
14326
14328
14331
14334
14335
14336
14337
14343
14344
14348
14351
14351
14351
14354
14356
14357
14357
14358
14361
14363
14370
14374
14374
14376
14380
14391
14396
14400
14413
14419
14420
14429
14431
14434
14439
14442
14452
14457
14461
14464
14471
14480
14481
14481
14491
14494
14503
14506
14506
14507
14515
14516
14519
14519
14521
14522
14534
14535
14547
14548
14550
14559
14564
14566
14568
14578
14581
14582
14587
14598
14605
14608
14610
14616
14622
14625
14627
14634
14635
14640
14642
14647
14657
14661
14661
14661
14668
14673
14675
14675
14697
14704
14715
14720
14725
14737
14737
14741
14743
14745
14755
14766
14779
14779
14780
14780
14780
14781
14791
14803
14805
14806
14812
14826
14829
14829
14830
14833
14839
14846
14847
14849
14854
14854
14857
14859
14860
14883
14887
14889
14890
14890
14891
14901
14908
14911
14912
14921
14940
14946
14949
14952
14956
14961
14967
14969
14971
14977
14978
14978
14981
14985
14991
14996
14998
14999
15005
15010
15018
15020
15026
15029
15032
15038
15038
15040
15041
15044
15044
15045
15047
15048
15048
15049
15049
15055
15056
15059
15074
15078
15079
15080
15087
15088
15092
15092
15095
15101
15103
15106
15108
15114
15117
15118
15119
15119
15120
15125
15126
15127
15128
15132
15132
15138
15139
15148
15156
15157
15158
15158
15162
15169
15172
15172
15173
15179
15195
15202
15202
15204
15206
15207
15208
15212
15216
15221
15222
15223
15227
15229
15242
15245
15252
15254
15258
15258
15261
15262
15266
15267
15269
15270
15292
15294
15296
15296
15297
15298
15301
15304
15305
15308
15308
15313
15314
15315
15316
15316
15319
15337
15340
15348
15349
15350
15355
15363
15365
15365
15366
15368
15373
15384
15391
15393
15397
15397
15400
15403
15405
15406
15411
15412
15422
15422
15432
15434
15435
15435
15435
15436
15441
15442
15442
15446
15453
15455
15458
15462
15462
15462
15466
15476
15483
15488
15488
15495
15504
15508
15510
15512
15513
15528
15531
15534
15535
15537
15540
15550
15551
15555
15568
15569
15571
15572
15574
15579
15585
15585
15592
15596
15599
15600
15603
15606
15614
15614
15614
15615
15624
15629
15630
15632
15640
15641
15644
15644
15645
15646
15653
15653
15653
15654
15656
15661
15664
15669
15670
15673
15678
15682
15689
15698
15705
15705
15712
15718
15728
15730
15730
15735
15735
15742
15744
15746
15747
15749
15750
15759
15760
15760
15767
15767
15773
15778
15784
15784
15785
15786
15793
15793
15795
15803
15804
15820
15824
15827
15829
15835
15847
15857
15864
15864
15882
15886
15890
15895
15895
15897
15904
15913
15918
15926
15927
15928
15950
15953
15960
15962
15964
15967
15972
15974
15974
15974
15977
15979
15989
15992
15993
15997
16003
16004
16005
16006
16008
16013
16014
16020
16021
16024
16032
16037
16038
16039
16039
16045
16046
16048
16049
16050
16050
16052
16055
16065
16066
16076
16077
16081
16081
16082
16090
16091
16095
16101
16106
16112
16112
16120
16125
16126
16127
16128
16129
16131
16133
16135
16139
16142
16149
16149
16162
16171
16172
16178
16187
16188
16200
16209
16209
16212
16219
16222
16223
16228
16230
16233
16233
16247
16258
16260
16260
16266
16277
16281
16283
16285
16292
16295
16304
16306
16307
16332
16334
16336
16337
16337
16338
16347
16347
16348
16358
16358
16360
16362
16364
16368
16373
16375
16376
16381
16392
16395
16396
16400
16402
16407
16409
16409
16413
16420
16421
16423
16439
16441
16444
16447
16447
16452
16453
16460
16461
16472
16476
16487
16491
16492
16493
16493
16501
16503
16506
16508
16521
16521
16522
16525
16526
16533
16547
16550
16550
16552
16557
16560
16561
16562
16562
16567
16569
16570
16578
16581
16583
16583
16584
16585
16587
16589
16590
16590
16591
16594
16595
16599
16605
16607
16607
16608
16614
16627
16630
16632
16636
16641
16641
16642
16642
16645
16649
16656
16656
16657
16663
16670
16675
16677
16678
16684
16687
16687
16687
16690
16693
16707
16708
16714
16716
16723
16724
16728
16728
16732
16735
16736
16737
16739
16740
16745
16746
16751
16758
16762
16765
16766
16767
16771
16775
16775
16776
16777
16777
16778
16783
16788
16790
16797
16798
16802
16805
16806
16807
16809
16810
16816
16819
16819
16824
16827
16829
16834
16841
16842
16852
16855
16858
16861
16865
16867
16869
16876
16878
16886
16887
16896
16899
16899
16902
16906
16909
16912
16912
16914
16917
16918
16919
16929
16930
16931
16935
16936
16937
16944
16944
16945
16945
16949
16952
16953
16954
16956
16959
16963
16969
16969
16970
16970
16979
16979
16981
16999
17004
17010
17014
17017
17021
17025
17027
17037
17038
17042
17047
17050
17056
17066
17067
17067
17070
17070
17071
17077
17077
17078
17078
17086
17090
17091
17093
17096
17106
17112
17114
17121
17123
17127
17129
17139
17152
17154
17162
17172
17178
17184
17189
17190
17193
17198
17206
17211
17212
17213
17215
17219
17224
17225
17226
17227
17234
17234
17247
17250
17257
17258
17259
17264
17268
17268
17281
17283
17286
17288
17292
17293
17298
17318
17319
17322
17323
17324
17325
17327
17330
17331
17334
17336
17342
17344
17353
17356
17357
17358
17358
17359
17366
17386
17392
17395
17397
17402
17402
17415
17418
17419
17419
17421
17436
17444
17444
17447
17467
17470
17471
17483
17483
17488
17496
17500
17520
17523
17524
17525
17531
17533
17536
17538
17542
17546
17548
17560
17566
17570
17574
17577
17581
17583
17583
17584
17585
17592
17597
17598
17603
17614
17618
17632
17643
17644
17647
17650
17652
17653
17662
17666
17667
17673
17674
17681
17684
17684
17688
17692
17698
17702
17704
17709
17712
17716
17717
17730
17733
17735
17737
17740
17745
17747
17748
17754
17756
17759
17767
17776
17786
17792
17794
17794
17797
17798
17814
17817
17832
17835
17838
17839
17850
17856
17860
17864
17868
17872
17884
17885
17886
17888
17888
17890
17894
17900
17900
17909
17911
17921
17923
17934
17934
17941
17941
17967
17969
17970
17971
17975
17975
17981
17982
17983
17987
17993
17993
17994
17996
18000
18001
18016
18016
18018
18022
18023
18024
18026
18026
18029
18032
18033
18033
18038
18042
18043
18054
18058
18060
18062
18065
18066
18073
18074
18076
18079
18080
18082
18082
18090
18091
18094
18094
18100
18102
18104
18107
18115
18118
18120
18122
18122
18127
18131
18135
18142
18147
18150
18157
18169
18172
18180
18182
18186
18189
18189
18191
18195
18197
18199
18200
18217
18219
18230
18240
18245
18249
18260
18261
18262
18263
18263
18268
18279
18280
18284
18285
18285
18288
18290
18292
18298
18303
18308
18311
18319
18327
18336
18336
18341
18341
18341
18342
18344
18345
18345
18349
18360
18360
18368
18378
18382
18383
18388
18403
18408
18408
18410
18413
18414
18416
18416
18418
18423
18430
18432
18432
18444
18445
18447
18452
18453
18461
18462
18463
18463
18464
18465
18465
18470
18471
18473
18475
18479
18480
18480
18482
18488
18494
18499
18506
18512
18525
18528
18529
18530
18531
18536
18539
18542
18544
18546
18549
18553
18560
18564
18566
18569
18569
18572
18574
18577
18587
18587
18588
18591
18595
18598
18604
18609
18615
18619
18623
18624
18626
18627
18630
18633
18639
18641
18653
18659
18661
18666
18670
18675
18681
18683
18684
18689
18693
18698
18715
18726
18729
18732
18733
18735
18740
18742
18744
18749
18749
18749
18754
18755
18761
18768
18776
18779
18781
18784
18792
18794
18798
18801
18802
18808
18812
18818
18824
18833
18834
18841
18843
18844
18845
18851
18858
18859
18864
18867
18868
18881
18884
18894
18894
18896
18897
18901
18902
18909
18910
18914
18918
18918
18918
18920
18921
18925
18949
18959
18966
18969
18972
18974
18978
18980
18981
18983
18990
18995
19008
19009
19011
19013
19027
19030
19032
19035
19048
19052
19053
19053
19054
19055
19064
19066
19072
19080
19084
19085
19087
19087
19093
19106
19114
19116
19121
19126
19137
19139
19141
19146
19153
19168
19172
19179
19188
19196
19201
19206
19206
19215
19220
19221
19224
19225
19229
19230
19237
19238
19239
19242
19246
19248
19249
19249
19250
19252
19252
19254
19263
19266
19267
19272
19286
19298
19298
19328
19330
19330
19332
19335
19339
19350
19351
19352
19353
19358
19359
19361
19370
19375
19377
19379
19379
19389
19390
19394
19395
19398
19400
19405
19406
19407
19420
19422
19423
19424
19426
19429
19431
19435
19441
19442
19444
19447
19453
19453
19457
19459
19470
19482
19485
19494
19503
19510
19510
19515
19519
19525
19527
19527
19529
19532
19536
19537
19540
19559
19560
19561
19567
19580
19581
19585
19594
19595
19604
19606
19611
19612
19614
19616
19625
19626
19629
19631
19632
19635
19643
19644
19647
19648
19660
19661
19662
19665
19668
19672
19674
19679
19684
19687
19688
19690
19692
19692
19696
19697
19701
19704
19705
19705
19731
19733
19733
19735
19736
19743
19748
19759
19759
19761
19769
19774
19782
19786
19789
19801
19810
19811
19814
19815
19819
19827
19832
19834
19836
19850
19850
19855
19855
19856
19863
19867
19867
19867
19867
19868
19869
19872
19875
19883
19903
19903
19906
19907
19910
19915
19917
19917
19923
19924
19928
19941
19945
19946
19947
19958
19963
19966
19975
19978
19982
19985
19993
19996
20000
20003
20006
20007
20008
20010
20016
20021
20024
20030
20031
20034
20040
20047
20050
20050
20052
20053
20058
20061
20061
20063
20066
20072
20084
20090
20090
20095
20100
20105
20118
20119
20124
20126
20129
20129
20138
20140
20141
20141
20145
20148
20168
20173
20179
20187
20187
20190
20192
20194
20195
20204
20206
20220
20228
20231
20232
20242
20243
20243
20244
20245
20247
20248
20257
20259
20260
20262
20264
20267
20267
20267
20277
20277
20278
20279
20289
20290
20292
20297
20306
20307
20307
20313
20315
20319
20321
20331
20335
20340
20342
20346
20349
20349
20358
20361
20363
20366
20371
20372
20383
20383
20390
20391
20393
20396
20405
20408
20410
20412
20414
20420
20421
20422
20427
20430
20431
20435
20436
20436
20437
20440
20441
20447
20457
20460
20462
20464
20473
20475
20483
20484
20485
20487
20493
20496
20498
20500
20500
20503
20506
20511
20512
20517
20523
20525
20525
20527
20528
20530
20533
20538
20540
20541
20542
20549
20564
20564
20567
20568
20571
20572
20573
20574
20584
20586
20593
20595
20597
20601
20607
20608
20609
20614
20618
20623
20639
20646
20651
20654
20664
20666
20675
20682
20690
20692
20693
20699
20699
20704
20713
20715
20716
20718
20720
20735
20736
20741
20744
20745
20756
20758
20760
20763
20764
20765
20768
20771
20774
20777
20777
20784
20791
20791
20793
20794
20795
20797
20802
20804
20805
20811
20815
20820
20820
20825
20843
20843
20845
20855
20859
20869
20874
20884
20886
20892
20903
20906
20908
20921
20922
20923
20928
20931
20936
20943
20943
20945
20949
20955
20961
20965
20969
20974
20976
20986
20987
20990
21003
21004
21012
21013
21016
21023
21027
21029
21031
21034
21034
21043
21044
21053
21056
21057
21060
21071
21074
21084
21089
21093
21098
21099
21101
21105
21112
21115
21116
21118
21125
21127
21128
21133
21133
21135
21141
21142
21149
21161
21165
21173
21175
21176
21177
21179
21182
21184
21184
21187
21193
21195
21196
21201
21205
21205
21210
21211
21221
21227
21228
21229
21242
21243
21255
21263
21264
21268
21268
21281
21284
21299
21299
21299
21311
21312
21313
21318
21325
21331
21335
21348
21350
21353
21361
21367
21368
21370
21370
21374
21380
21380
21382
21382
21386
21392
21395
21396
21398
21400
21404
21404
21410
21413
21415
21421
21422
21427
21430
21442
21448
21455
21459
21461
21470
21477
21479
21486
21488
21492
21493
21499
21499
21501
21502
21506
21507
21511
21511
21512
21514
21515
21516
21517
21526
21529
21529
21530
21533
21535
21539
21542
21542
21560
21561
21569
21572
21574
21574
21576
21579
21579
21584
21587
21591
21596
21598
21600
21601
21601
21602
21603
21607
21610
21611
21615
21620
21627
21633
21633
21639
21644
21647
21653
21658
21659
21660
21660
21661
21676
21678
21680
21683
21690
21706
21716
21718
21722
21724
21731
21732
21732
21734
21738
21741
21746
21752
21755
21756
21766
21767
21770
21771
21779
21780
21781
21785
21788
21793
21794
21801
21802
21806
21814
21818
21818
21821
21823
21827
21827
21831
21831
21834
21836
21840
21847
21857
21862
21875
21876
21876
21881
21883
21883
21883
21889
21893
21898
21901
21902
21902
21908
21914
21917
21922
21926
21928
21938
21943
21956
21956
21961
21962
21974
21976
21976
21976
21979
21983
21984
21988
21994
21996
21998
22003
22003
22004
22006
22017
22018
22021
22023
22024
22028
22029
22038
22038
22042
22044
22050
22050
22057
22063
22066
22071
22081
22081
22083
22087
22093
22095
22096
22101
22103
22107
22108
22121
22127
22129
22133
22138
22147
22147
22153
22156
22162
22164
22164
22166
22171
22171
22171
22176
22180
22186
22187
22190
22199
22205
22214
22216
22218
22222
22223
22229
22237
22239
22242
22243
22256
22260
22269
22270
22277
22280
22284
22299
22300
22302
22305
22311
22312
22315
22318
22321
22322
22322
22328
22332
22335
22336
22336
22339
22346
22346
22348
22350
22354
22359
22362
22370
22372
22384
22384
22404
22408
22410
22410
22412
22415
22415
22417
22422
22422
22430
22435
22452
22457
22458
22460
22460
22463
22467
22469
22470
22470
22472
22475
22479
22480
22483
22504
22505
22510
22516
22519
22525
22526
22527
22527
22528
22528
22530
22539
22542
22543
22544
22545
22547
22555
22557
22557
22560
22564
22571
22587
22588
22590
22590
22591
22593
22597
22601
22606
22610
22613
22616
22619
22620
22621
22621
22624
22630
22639
22652
22652
22653
22655
22659
22672
22700
22700
22701
22702
22704
22707
22707
22708
22709
22710
22710
22731
22734
22737
22741
22743
22745
22748
22750
22757
22769
22774
22778
22788
22788
22789
22791
22792
22797
22798
22799
22803
22805
22805
22827
22831
22833
22840
22841
22845
22851
22853
22856
22857
22860
22862
22865
22871
22896
22905
22912
22920
22933
22934
22936
22942
22950
22953
22954
22955
22955
22961
22969
22969
22972
22983
22990
22992
22994
22995
23000
23002
23002
23004
23021
23022
23025
23031
23036
23040
23048
23049
23059
23068
23068
23074
23074
23076
23078
23078
23088
23089
23090
23094
23105
23110
23119
23128
23129
23131
23140
23142
23147
23148
23152
23161
23161
23165
23165
23170
23170
23178
23185
23186
23193
23193
23194
23201
23205
23210
23214
23214
23218
23221
23235
23235
23237
23237
23246
23247
23252
23252
23254
23254
23259
23259
23269
23270
23277
23278
23281
23290
23290
23290
23291
23292
23302
23307
23315
23333
23334
23348
23349
23359
23361
23362
23368
23370
23372
23373
23380
23382
23384
23385
23391
23393
23407
23409
23414
23414
23414
23417
23418
23419
23420
23428
23432
23436
23440
23441
23451
23454
23455
23455
23460
23463
23464
23494
23494
23495
23506
23508
23509
23520
23526
23529
23549
23557
23567
23570
23578
23581
23581
23587
23587
23589
23589
23596
23600
23603
23614
23622
23624
23629
23630
23630
23643
23643
23646
23651
23652
23660
23661
23669
23677
23678
23679
23679
23680
23680
23683
23684
23695
23695
23696
23697
23709
23711
23713
23713
23713
23715
23717
23730
23737
23737
23740
23741
23742
23743
23744
23745
23752
23753
23755
23756
23756
23764
23768
23769
23769
23772
23777
23778
23779
23780
23785
23787
23792
23792
23799
23803
23804
23805
23805
23814
23818
23826
23826
23833
23834
23835
23835
23844
23846
23848
23849
23851
23852
23856
23862
23865
23867
23873
23875
23876
23877
23889
23889
23890
23894
23902
23902
23903
23908
23910
23912
23919
23920
23929
23938
23941
23946
23948
23951
23954
23956
23962
23967
23972
23978
23984
23986
23989
23993
23995
23997
23997
23998
23999
24007
24008
24019
24022
24023
24024
24027
24030
24036
24047
24054
24060
24072
24080
24081
24084
24087
24088
24088
24089
24091
24093
24095
24096
24099
24102
24119
24123
24129
24130
24131
24131
24131
24137
24143
24146
24147
24148
24150
24154
24155
24158
24165
24166
24166
24178
24179
24180
24186
24186
24200
24203
24205
24207
24210
24213
24219
24220
24226
24238
24240
24240
24250
24250
24253
24254
24258
24259
24259
24264
24276
24286
24288
24294
24298
24299
24310
24312
24313
24318
24333
24344
24349
24352
24352
24354
24367
24367
24369
24376
24380
24383
24384
24389
24390
24391
24396
24398
24406
24407
24416
24417
24429
24430
24432
24436
24436
24439
24440
24441
24445
24447
24449
24457
24477
24481
24483
24487
24489
24489
24492
24501
24512
24513
24533
24539
24542
24556
24558
24560
24563
24571
24574
24581
24611
24619
24622
24625
24626
24629
24632
24633
24633
24639
24642
24650
24650
24653
24654
24665
24667
24675
24677
24677
24678
24682
24683
24684
24685
24691
24693
24694
24700
24703
24707
24718
24718
24720
24726
24727
24728
24728
24746
24751
24752
24752
24756
24760
24762
24764
24766
24768
24768
24792
24795
24797
24798
24798
24800
24802
24809
24811
24815
24818
24825
24831
24834
24836
24838
24840
24843
24847
24850
24851
24855
24861
24862
24872
24872
24876
24881
24892
24892
24914
24917
24923
24924
24925
24929
24932
24932
24933
24938
24938
24938
24942
24943
24944
24946
24958
24963
24965
24969
24970
24973
24975
24975
24975
24976
24977
24982
24991
24994
25001
25002
25012
25013
25019
25026
25031
25034
25036
25038
25041
25042
25048
25053
25053
25057
25064
25070
25080
25081
25084
25091
25093
25096
25100
25100
25102
25107
25109
25109
25109
25110
25114
25123
25126
25129
25131
25132
25134
25135
25135
25138
25142
25143
25150
25156
25159
25166
25167
25171
25175
25179
25183
25192
25200
25203
25206
25208
25209
25211
25229
25232
25232
25232
25232
25234
25235
25242
25249
25253
25256
25258
25259
25261
25267
25270
25272
25272
25276
25285
25286
25291
25294
25303
25304
25305
25325
25327
25327
25330
25330
25330
25331
25334
25341
25350
25350
25367
25370
25371
25374
25378
25383
25389
25390
25390
25397
25402
25402
25403
25404
25409
25416
25418
25420
25425
25425
25432
25433
25434
25438
25443
25444
25445
25445
25447
25454
25457
25457
25472
25475
25477
25482
25490
25490
25490
25498
25501
25502
25507
25508
25510
25520
25523
25538
25544
25546
25547
25548
25555
25558
25560
25563
25564
25564
25567
25567
25569
25575
25583
25583
25584
25587
25590
25594
25606
25609
25619
25620
25622
25629
25630
25632
25633
25636
25639
25644
25645
25650
25652
25656
25659
25660
25661
25661
25662
25665
25665
25671
25673
25673
25676
25679
25683
25684
25691
25714
25717
25718
25724
25726
25737
25740
25751
25751
25752
25763
25763
25764
25766
25773
25785
25786
25793
25794
25795
25797
25800
25801
25801
25803
25805
25805
25808
25809
25810
25813
25814
25816
25821
25837
25837
25839
25844
25847
25867
25868
25881
25884
25885
25893
25895
25896
25896
25897
25908
25909
25909
25912
25913
25918
25921
25925
25932
25934
25939
25947
25951
25951
25962
25962
25971
25978
25983
25984
25984
25990
25991
25995
25999
26004
26004
26004
26005
26008
26010
26012
26016
26017
26033
26044
26050
26051
26052
26055
26057
26061
26062
26070
26073
26076
26077
26086
26087
26092
26097
26097
26100
26102
26106
26119
26126
26130
26146
26149
26152
26153
26160
26162
26165
26166
26175
26182
26192
26196
26201
26204
26208
26219
26222
26224
26238
26242
26251
26255
26259
26264
26275
26282
26297
26299
26301
26314
26315
26316
26321
26325
26326
26327
26331
26339
26340
26350
26350
26374
26376
26387
26390
26399
26403
26408
26410
26412
26415
26418
26440
26440
26442
26443
26457
26459
26460
26460
26462
26466
26481
26483
26483
26486
26489
26502
26505
26507
26513
26516
26520
26520
26527
26533
26541
26542
26543
26543
26554
26554
26556
26558
26565
26567
26574
26583
26592
26598
26600
26600
26601
26602
26604
26608
26610
26611
26620
26624
26624
26627
26637
26638
26642
26648
26654
26659
26663
26664
26671
26675
26681
26686
26690
26697
26699
26703
26704
26713
26720
26720
26730
26734
26744
26747
26748
26749
26754
26758
26759
26763
26766
26766
26768
26768
26770
26773
26774
26776
26782
26784
26788
26791
26793
26797
26797
26799
26804
26807
26818
26820
26827
26829
26840
26842
26844
26845
26849
26854
26862
26869
26873
26876
26876
26887
26888
26889
26894
26905
26918
26921
26923
26923
26926
26929
26930
26931
26937
26938
26941
26949
26956
26958
26959
26961
26963
26965
26966
26972
26973
26973
26977
26982
26986
26995
27001
27010
27010
27017
27029
27035
27042
27042
27049
27052
27057
27058
27059
27060
27062
27069
27079
27087
27088
27089
27090
27092
27094
27095
27097
27104
27107
27118
27120
27120
27130
27135
27136
27137
27137
27139
27142
27148
27153
27158
27162
27165
27166
27170
27174
27177
27189
27196
27202
27203
27205
27206
27208
27213
27214
27217
27218
27239
27246
27250
27254
27256
27257
27263
27265
27267
27269
27271
27273
27274
27276
27280
27292
27303
27304
27304
27308
27311
27316
27320
27325
27335
27336
27340
27341
27342
27343
27344
27345
27346
27348
27369
27370
27378
27383
27384
27389
27389
27390
27395
27399
27400
27404
27409
27415
27418
27420
27423
27425
27425
27431
27438
27450
27452
27454
27459
27466
27469
27472
27473
27475
27475
27484
27485
27491
27492
27495
27497
27503
27514
27517
27522
27522
27524
27526
27527
27544
27545
27547
27551
27551
27551
27552
27554
27558
27562
27571
27571
27572
27576
27586
27587
27589
27589
27590
27594
27597
27600
27601
27601
27605
27606
27611
27620
27622
27622
27629
27639
27640
27643
27645
27645
27646
27651
27654
27655
27659
27660
27660
27664
27665
27666
27667
27668
27668
27673
27676
27676
27684
27693
27696
27697
27699
27699
27701
27702
27702
27705
27705
27710
27712
27712
27715
27716
27720
27725
27736
27738
27744
27763
27765
27766
27770
27776
27779
27780
27785
27787
27797
27800
27804
27806
27806
27814
27818
27823
27823
27828
27829
27833
27856
27862
27865
27888
27890
27897
27899
27903
27904
27905
27914
27926
27934
27937
27945
27946
27948
27952
27952
27962
27963
27969
27972
27982
27982
27984
27987
27988
27990
27995
27997
27999
27999
28001
28002
28011
28012
28015
28032
28034
28037
28040
28043
28048
28049
28051
28059
28061
28067
28068
28071
28078
28089
28093
28094
28099
28109
28113
28119
28119
28119
28124
28130
28132
28137
28138
28139
28141
28144
28145
28148
28149
28150
28157
28160
28164
28165
28166
28171
28203
28218
28219
28223
28226
28227
28228
28234
28238
28242
28243
28244
28246
28248
28248
28255
28264
28265
28266
28273
28286
28291
28292
28296
28299
28304
28304
28311
28313
28326
28326
28327
28333
28335
28345
28350
28356
28365
28369
28373
28375
28375
28376
28381
28386
28397
28398
28402
28409
28415
28415
28417
28421
28434
28436
28437
28440
28458
28461
28477
28478
28485
28506
28507
28508
28513
28542
28544
28552
28556
28561
28567
28567
28568
28570
28570
28574
28576
28576
28579
28597
28597
28601
28602
28605
28630
28633
28640
28650
28656
28661
28675
28675
28687
28688
28693
28697
28701
28702
28703
28704
28710
28720
28732
28732
28738
28741
28741
28760
28761
28762
28763
28766
28769
28770
28770
28771
28772
28776
28776
28778
28791
28791
28792
28799
28814
28817
28819
28821
28821
28827
28830
28838
28839
28841
28844
28846
28846
28848
28867
28867
28868
28869
28881
28887
28889
28890
28895
28897
28899
28900
28901
28902
28907
28911
28915
28917
28921
28924
28925
28926
28926
28942
28943
28947
28948
28949
28954
28968
28968
28982
28984
28986
28987
28993
28998
28999
29004
29009
29013
29015
29020
29029
29029
29039
29042
29044
29046
29048
29059
29061
29064
29078
29081
29091
29092
29093
29093
29096
29096
29098
29102
29103
29111
29114
29119
29123
29124
29129
29129
29131
29132
29132
29133
29137
29152
29152
29155
29157
29161
29162
29162
29164
29165
29174
29175
29192
29201
29203
29206
29212
29213
29214
29217
29225
29235
29237
29240
29243
29246
29255
29265
29271
29276
29281
29290
29292
29297
29302
29306
29310
29312
29313
29317
29317
29320
29325
29328
29331
29332
29333
29337
29341
29346
29350
29351
29351
29356
29362
29364
29374
29375
29376
29379
29381
29388
29391
29391
29400
29401
29402
29407
29410
29413
29413
29415
29415
29416
29421
29425
29427
29428
29430
29435
29437
29438
29447
29448
29452
29453
29468
29471
29480
29482
29483
29496
29506
29515
29518
29519
29519
29525
29526
29528
29531
29534
29541
29541
29544
29556
29558
29566
29573
29583
29589
29592
29598
29603
29605
29608
29608
29611
29612
29613
29613
29623
29625
29627
29632
29637
29647
29649
29650
29656
29658
29668
29669
29674
29689
29690
29690
29692
29699
29701
29709
29709
29713
29715
29716
29716
29725
29727
29744
29764
29772
29781
29785
29786
29787
29787
29790
29790
29797
29799
29806
29811
29814
29815
29822
29830
29831
29835
29840
29843
29843
29844
29853
29854
29857
29858
29870
29875
29877
29882
29884
29884
29887
29892
29893
29897
29899
29899
29908
29909
29912
29914
29915
29918
29928
29943
29949
29950
29956
29959
29967
29969
29970
29974
29975
29977
29981
29987
29988
29989
29990
29996
30001
30002
30005
30011
30013
30014
30023
30035
30036
30042
30045
30046
30049
30054
30055
30056
30057
30058
30062
30062
30062
30066
30071
30071
30073
30075
30076
30076
30077
30080
30084
30085
30091
30094
30095
30109
30112
30119
30120
30121
30126
30127
30129
30134
30134
30136
30139
30141
30144
30145
30146
30147
30150
30153
30154
30156
30157
30159
30160
30163
30167
30176
30179
30182
30201
30201
30203
30211
30215
30215
30220
30221
30231
30238
30251
30251
30254
30255
30256
30261
30263
30265
30266
30268
30274
30281
30286
30290
30291
30293
30302
30307
30318
30326
30329
30334
30335
30335
30341
30349
30353
30355
30357
30358
30360
30360
30367
30373
30374
30376
30379
30384
30388
30390
30395
30398
30403
30419
30422
30424
30429
30437
30443
30447
30451
30460
30461
30466
30470
30474
30479
30481
30483
30483
30495
30497
30499
30505
30507
30517
30522
30526
30527
30529
30533
30536
30540
30546
30549
30549
30555
30563
30570
30575
30582
30586
30594
30598
30599
30602
30604
30612
30617
30630
30635
30637
30638
30639
30641
30648
30654
30659
30664
30664
30668
30675
30676
30677
30679
30681
30687
30690
30690
30690
30700
30710
30711
30714
30724
30729
30731
30738
30740
30749
30757
30762
30766
30771
30772
30782
30788
30788
30791
30793
30804
30807
30809
30809
30816
30825
30830
30835
30836
30838
30840
30850
30850
30851
30852
30857
30861
30865
30865
30872
30875
30877
30881
30882
30889
30892
30895
30897
30903
30907
30910
30914
30919
30920
30923
30925
30926
30927
30936
30936
30939
30942
30956
30960
30971
30972
30973
30985
30985
30987
30995
31000
31003
31010
31011
31012
31012
31014
31014
31015
31017
31017
31022
31024
31024
31029
31030
31032
31032
31037
31039
31040
31043
31043
31043
31044
31052
31054
31062
31066
31071
31080
31084
31085
31085
31085
31088
31090
31091
31094
31095
31105
31108
31114
31117
31119
31119
31124
31129
31132
31137
31137
31141
31147
31165
31166
31167
31179
31184
31194
31197
31200
31221
31222
31233
31234
31238
31239
31242
31246
31246
31249
31252
31254
31263
31265
31265
31270
31274
31278
31287
31294
31294
31294
31297
31304
31305
31313
31315
31318
31322
31328
31331
31335
31344
31347
31349
31352
31360
31361
31362
31364
31364
31367
31368
31368
31369
31372
31372
31382
31383
31387
31389
31391
31398
31401
31405
31407
31408
31410
31415
31417
31418
31422
31428
31429
31429
31431
31436
31445
31445
31446
31447
31450
31450
31452
31458
31459
31460
31465
31481
31484
31485
31490
31491
31491
31492
31497
31513
31514
31519
31522
31523
31524
31529
31538
31539
31539
31541
31550
31556
31557
31557
31559
31559
31560
31571
31572
31583
31584
31587
31589
31595
31598
31599
31605
31606
31606
31612
31625
31633
31633
31638
31638
31640
31650
31653
31656
31662
31664
31669
31671
31671
31676
31678
31687
31688
31701
31703
31703
31704
31704
31708
31709
31716
31719
31721
31729
31729
31734
31748
31748
31751
31752
31754
31754
31756
31761
31761
31764
31766
31767
31774
31774
31774
31784
31793
31794
31797
31804
31810
31810
31813
31814
31839
31845
31849
31853
31873
31877
31878
31881
31884
31887
31900
31908
31929
31941
31944
31953
31954
31958
31966
31967
31970
31972
31974
31981
31983
31986
31986
32000
32007
32015
32019
32021
32028
32033
32035
32040
32042
32044
32050
32051
32051
32054
32057
32060
32062
32068
32072
32074
32078
32081
32083
32085
32087
32087
32088
32094
32095
32104
32111
32112
32115
32118
32121
32137
32138
32147
32148
32149
32151
32152
32156
32159
32165
32171
32173
32183
32186
32196
32203
32206
32206
32215
32219
32227
32235
32235
32238
32240
32242
32258
32258
32265
32266
32274
32278
32280
32282
32284
32293
32304
32309
32318
32320
32321
32350
32353
32354
32363
32363
32373
32374
32378
32379
32380
32381
32389
32389
32390
32399
32402
32409
32415
32416
32417
32417
32419
32422
32424
32430
32430
32434
32434
32441
32442
32443
32443
32445
32453
32457
32460
32464
32476
32476
32478
32479
32480
32483
32491
32497
32505
32507
32509
32510
32512
32513
32523
32529
32532
32535
32535
32535
32540
32543
32544
32546
32562
32565
32567
32567
32568
32573
32575
32577
32579
32582
32594
32598
32602
32602
32611
32612
32614
32615
32623
32625
32626
32632
32632
32638
32646
32650
32653
32665
32671
32675
32684
32684
32692
32696
32713
32733
32733
32736
32747
32749
32751
32753
32758
32762
32768
32768
32776
32779
32779
32779
32781
32781
32782
32788
32788
32792
32801
32803
32804
32805
32811
32811
32811
32823
32826
32826
32831
32836
32836
32845
32849
32852
32853
32856
32856
32859
32860
32864
32864
32872
32878
32881
32887
32887
32889
32889
32892
32894
32897
32907
32908
32909
32917
32919
32919
32924
32929
32930
32938
32948
32950
32952
32952
32960
32981
32987
32988
32992
32993
32994
32998
33007
33010
33013
33022
33032
33034
33034
33035
33043
33044
33047
33053
33054
33060
33064
33066
33067
33072
33080
33083
33087
33088
33089
33093
33099
33101
33108
33120
33123
33126
33128
33132
33132
33152
33154
33162
33168
33169
33179
33180
33192
33192
33192
33192
33199
33200
33201
33216
33216
33218
33218
33222
33231
33235
33237
33245
33263
33267
33270
33273
33278
33280
33282
33295
33298
33305
33307
33312
33326
33327
33335
33336
33347
33347
33350
33352
33354
33355
33356
33360
33363
33368
33369
33370
33375
33382
33384
33385
33389
33389
33390
33391
33393
33394
33394
33395
33397
33399
33405
33405
33407
33408
33412
33418
33420
33422
33429
33430
33440
33443
33446
33456
33457
33458
33459
33460
33461
33468
33468
33470
33475
33476
33479
33484
33488
33497
33501
33510
33513
33514
33515
33518
33519
33521
33525
33526
33532
33534
33537
33537
33539
33543
33551
33555
33557
33559
33567
33568
33577
33586
33588
33591
33598
33602
33603
33614
33615
33616
33620
33623
33638
33640
33648
33655
33668
33673
33674
33675
33676
33680
33681
33689
33690
33693
33695
33699
33707
33708
33710
33718
33724
33724
33725
33730
33737
33741
33742
33744
33745
33746
33747
33753
33755
33759
33762
33764
33765
33767
33771
33776
33778
33782
33786
33788
33793
33794
33798
33798
33800
33802
33804
33807
33810
33811
33819
33823
33838
33838
33840
33846
33848
33855
33865
33865
33869
33870
33870
33878
33878
33881
33885
33885
33888
33893
33904
33909
33911
33914
33921
33923
33930
33939
33939
33943
33948
33953
33954
33956
33956
33957
33959
33960
33963
33969
33974
33974
33976
33978
33978
33979
33981
33984
33987
33988
33989
33993
33996
33997
34007
34009
34019
34027
34033
34034
34038
34040
34040
34049
34060
34061
34067
34070
34076
34077
34078
34079
34083
34085
34085
34089
34090
34093
34093
34096
34098
34098
34100
34105
34113
34119
34126
34132
34136
34150
34160
34160
34164
34164
34166
34171
34180
34186
34189
34190
34191
34193
34195
34202
34208
34213
34216
34221
34223
34224
34228
34230
34232
34233
34234
34234
34236
34238
34241
34248
34249
34252
34255
34260
34262
34268
34272
34275
34279
34284
34288
34301
34308
34313
34314
34316
34319
34325
34326
34334
34335
34337
34340
34352
34355
34355
34364
34369
34369
34371
34374
34376
34387
34387
34393
34397
34398
34399
34400
34409
34411
34411
34412
34413
34420
34426
34427
34430
34433
34440
34442
34445
34450
34456
34465
34474
34484
34484
34485
34486
34499
34504
34515
34525
34526
34532
34532
34533
34536
34540
34541
34546
34553
34555
34557
34558
34559
34571
34574
34575
34582
34589
34597
34602
34604
34611
34614
34616
34622
34626
34630
34638
34643
34646
34655
34657
34658
34659
34659
34669
34670
34677
34680
34685
34693
34699
34705
34705
34716
34716
34719
34722
34726
34734
34742
34743
34750
34752
34757
34760
34762
34763
34766
34768
34780
34786
34793
34795
34802
34802
34806
34811
34819
34822
34823
34836
34837
34841
34855
34863
34871
34874
34887
34887
34887
34887
34888
34896
34913
34916
34932
34934
34934
34936
34937
34937
34941
34947
34948
34950
34954
34963
34964
34967
34974
34978
34979
34981
34992
34996
35000
35002
35002
35005
35009
35010
35014
35015
35017
35017
35018
35019
35026
35028
35031
35032
35034
35039
35048
35052
35052
35053
35059
35060
35065
35065
35065
35069
35091
35097
35098
35103
35106
35109
35117
35118
35119
35126
35126
35132
35137
35140
35145
35148
35154
35159
35159
35161
35169
35171
35173
35174
35176
35182
35183
35188
35199
35200
35200
35203
35205
35208
35216
35221
35228
35229
35230
35231
35236
35236
35256
35258
35260
35260
35260
35260
35271
35276
35282
35283
35283
35288
35293
35296
35301
35303
35315
35319
35320
35330
35335
35338
35338
35338
35346
35347
35360
35365
35368
35369
35370
35370
35375
35384
35384
35389
35389
35393
35399
35399
35402
35406
35410
35411
35412
35413
35414
35416
35419
35427
35427
35431
35438
35443
35445
35448
35449
35455
35456
35460
35462
35468
35468
35468
35472
35474
35494
35514
35517
35524
35529
35529
35531
35534
35535
35536
35544
35544
35545
35545
35548
35549
35550
35565
35569
35574
35575
35579
35586
35589
35592
35592
35593
35599
35606
35608
35608
35613
35619
35620
35626
35630
35640
35642
35649
35656
35656
35662
35665
35675
35676
35677
35679
35680
35692
35692
35699
35700
35704
35704
35708
35710
35712
35715
35717
35721
35727
35731
35737
35742
35743
35745
35750
35752
35757
35762
35775
35776
35783
35791
35796
35799
35803
35805
35806
35808
35809
35815
35816
35823
35826
35827
35830
35832
35836
35838
35840
35842
35855
35856
35859
35863
35864
35873
35881
35883
35887
35894
35901
35901
35906
35914
35920
35922
35923
35923
35925
35928
35930
35934
35936
35939
35945
35946
35953
35955
35958
35961
35975
35984
35986
35986
35987
35999
36000
36004
36009
36011
36014
36017
36017
36017
36017
36019
36023
36026
36034
36034
36034
36039
36042
36050
36053
36058
36061
36067
36069
36076
36081
36096
36097
36098
36100
36100
36110
36112
36118
36121
36122
36125
36128
36138
36150
36153
36153
36158
36159
36168
36171
36171
36173
36177
36178
36182
36183
36184
36187
36188
36196
36199
36204
36209
36214
36219
36225
36226
36231
36231
36232
36235
36240
36242
36245
36247
36248
36249
36253
36253
36256
36258
36261
36261
36262
36263
36273
36275
36280
36283
36287
36289
36290
36291
36292
36295
36296
36297
36303
36305
36309
36316
36323
36325
36332
36343
36346
36346
36357
36359
36359
36359
36362
36369
36370
36371
36374
36376
36379
36380
36382
36383
36391
36393
36395
36398
36400
36402
36405
36405
36420
36427
36429
36431
36435
36437
36439
36440
36441
36441
36447
36449
36466
36477
36478
36485
36491
36497
36505
36506
36516
36520
36520
36524
36525
36527
36528
36531
36531
36532
36537
36541
36541
36544
36545
36547
36557
36559
36561
36562
36566
36566
36569
36572
36573
36582
36583
36589
36589
36591
36597
36611
36624
36631
36635
36643
36660
36676
36681
36681
36689
36694
36698
36700
36703
36707
36707
36713
36719
36726
36726
36726
36732
36732
36734
36737
36741
36742
36745
36747
36747
36758
36760
36761
36771
36771
36775
36779
36779
36796
36797
36799
36801
36803
36806
36808
36811
36819
36821
36825
36828
36829
36837
36843
36843
36854
36855
36855
36861
36865
36872
36878
36880
36880
36891
36902
36904
36906
36909
36910
36914
36923
36924
36927
36937
36944
36944
36952
36956
36958
36971
36972
36980
36991
36991
36991
36993
37000
37002
37006
37022
37023
37032
37035
37038
37042
37051
37053
37054
37064
37065
37069
37070
37079
37080
37084
37086
37087
37090
37091
37099
37106
37109
37111
37112
37113
37114
37119
37123
37124
37129
37133
37134
37134
37147
37148
37158
37160
37160
37170
37173
37175
37179
37195
37200
37201
37203
37204
37222
37228
37228
37249
37252
37254
37260
37274
37277
37279
37294
37300
37312
37314
37316
37317
37321
37325
37334
37337
37338
37343
37350
37353
37353
37356
37363
37373
37382
37386
37386
37391
37402
37413
37419
37419
37419
37429
37447
37448
37449
37449
37453
37453
37454
37456
37457
37459
37461
37465
37467
37467
37470
37470
37476
37478
37480
37482
37484
37484
37485
37485
37488
37490
37497
37500
37501
37502
37503
37505
37507
37509
37522
37525
37528
37530
37540
37541
37543
37543
37560
37564
37564
37568
37569
37574
37576
37580
37588
37594
37607
37612
37613
37614
37615
37617
37629
37629
37632
37633
37641
37644
37654
37656
37659
37661
37665
37666
37676
37677
37685
37687
37690
37700
37704
37705
37708
37711
37712
37718
37726
37728
37729
37731
37733
37733
37743
37748
37752
37754
37755
37757
37757
37758
37758
37760
37766
37769
37776
37777
37794
37800
37800
37804
37805
37806
37810
37811
37811
37819
37824
37825
37825
37828
37839
37841
37841
37842
37842
37848
37848
37854
37858
37858
37859
37860
37860
37863
37867
37868
37870
37870
37880
37888
37888
37888
37895
37896
37897
37901
37907
37909
37911
37916
37925
37928
37932
37940
37952
37956
37956
37959
37961
37961
37964
37966
37969
37969
37972
37975
37980
37983
37986
37992
37992
37995
37997
38000
38001
38005
38010
38012
38017
38017
38020
38023
38026
38028
38029
38036
38036
38043
38050
38051
38054
38057
38068
38073
38075
38076
38088
38092
38100
38102
38102
38106
38111
38115
38118
38118
38130
38136
38146
38154
38155
38164
38166
38171
38182
38182
38183
38191
38193
38194
38195
38201
38201
38206
38208
38213
38213
38217
38222
38223
38229
38238
38256
38262
38264
38266
38267
38267
38271
38272
38276
38294
38299
38302
38305
38306
38309
38313
38314
38319
38320
38323
38329
38335
38341
38343
38347
38353
38354
38361
38369
38370
38379
38382
38393
38395
38396
38396
38396
38405
38407
38415
38419
38421
38426
38432
38433
38436
38442
38448
38450
38454
38456
38460
38465
38471
38478
38482
38487
38501
38502
38504
38505
38509
38510
38511
38514
38520
38521
38523
38532
38533
38535
38546
38549
38556
38563
38564
38574
38576
38582
38584
38584
38589
38590
38590
38595
38596
38601
38603
38606
38610
38613
38618
38628
38628
38628
38632
38636
38638
38647
38648
38654
38655
38656
38657
38657
38667
38671
38673
38678
38683
38687
38693
38710
38716
38735
38748
38753
38754
38754
38754
38755
38760
38761
38762
38768
38770
38773
38774
38775
38776
38778
38789
38793
38802
38807
38807
38817
38821
38822
38823
38825
38830
38831
38836
38838
38841
38855
38857
38859
38869
38871
38871
38881
38881
38891
38893
38899
38900
38904
38904
38906
38919
38920
38921
38930
38938
38943
38943
38960
38961
38963
38968
38971
38972
38972
38972
38973
38974
38976
38984
38984
38984
38994
38997
39004
39010
39014
39020
39022
39022
39023
39025
39029
39033
39038
39039
39045
39053
39061
39068
39069
39072
39078
39079
39096
39099
39111
39115
39127
39129
39131
39131
39136
39140
39144
39145
39149
39150
39150
39157
39162
39170
39172
39189
39195
39197
39205
39209
39214
39218
39221
39221
39224
39225
39226
39235
39237
39239
39240
39262
39273
39277
39282
39291
39294
39298
39312
39314
39316
39317
39324
39339
39341
39345
39347
39349
39349
39349
39360
39362
39364
39366
39367
39368
39375
39382
39391
39398
39399
39404
39407
39409
39414
39415
39418
39425
39428
39431
39436
39444
39452
39454
39455
39456
39461
39467
39467
39470
39470
39476
39477
39477
39483
39485
39485
39490
39492
39497
39499
39500
39502
39503
39503
39504
39512
39513
39516
39517
39521
39524
39530
39536
39536
39553
39558
39559
39561
39561
39564
39566
39570
39571
39571
39579
39583
39587
39587
39598
39599
39603
39609
39621
39632
39632
39637
39642
39644
39650
39652
39661
39666
39681
39681
39686
39702
39704
39720
39726
39731
39739
39740
39743
39750
39762
39764
39766
39767
39770
39771
39771
39777
39780
39780
39788
39790
39793
39805
39805
39812
39814
39818
39825
39827
39832
39834
39842
39844
39848
39856
39857
39861
39870
39872
39873
39876
39877
39877
39880
39889
39898
39899
39901
39902
39903
39912
39922
39925
39925
39927
39929
39930
39939
39939
39940
39942
39953
39953
39953
39955
39958
39961
39965
39966
39969
39972
39979
39992
40001
40004
40005
40008
40014
40031
40035
40037
40040
40058
40067
40068
40069
40071
40076
40082
40082
40084
40088
40091
40093
40098
40100
40103
40106
40108
40109
40110
40114
40116
40121
40128
40130
40130
40138
40141
40146
40152
40154
40154
40167
40171
40182
40183
40185
40187
40188
40188
40190
40191
40195
40196
40196
40198
40200
40203
40208
40214
40214
40220
40225
40229
40234
40242
40246
40251
40252
40255
40257
40261
40263
40265
40280
40290
40294
40306
40310
40315
40319
40324
40330
40332
40333
40339
40339
40341
40346
40349
40351
40352
40358
40365
40367
40370
40372
40373
40373
40389
40398
40402
40412
40413
40425
40430
40434
40437
40440
40457
40459
40460
40479
40480
40484
40485
40495
40496
40504
40507
40522
40525
40531
40532
40534
40534
40535
40535
40537
40551
40560
40564
40566
40566
40580
40581
40588
40592
40598
40599
40606
40609
40620
40620
40621
40622
40636
40644
40646
40655
40656
40658
40659
40661
40662
40668
40682
40682
40685
40685
40694
40696
40700
40700
40704
40715
40720
40727
40728
40735
40736
40738
40740
40742
40751
40753
40762
40765
40766
40767
40771
40775
40778
40787
40790
40791
40794
40797
40804
40805
40806
40808
40813
40814
40816
40818
40821
40822
40825
40832
40837
40847
40848
40851
40851
40852
40860
40864
40868
40870
40884
40885
40898
40900
40911
40924
40924
40929
40930
40935
40938
40939
40942
40948
40952
40957
40963
40964
40969
40973
40973
40974
40974
40980
40983
40984
40984
40985
40985
40990
41003
41004
41011
41012
41014
41020
41021
41030
41030
41037
41039
41042
41045
41054
41063
41064
41066
41066
41069
41070
41071
41072
41075
41083
41084
41085
41087
41098
41110
41111
41111
41114
41117
41121
41121
41122
41122
41127
41128
41129
41133
41134
41136
41136
41137
41146
41149
41152
41156
41156
41169
41170
41178
41193
41200
41202
41202
41203
41224
41224
41236
41237
41237
41241
41246
41247
41250
41251
41253
41264
41264
41272
41274
41274
41283
41293
41293
41299
41300
41303
41305
41319
41329
41332
41334
41339
41340
41347
41355
41358
41360
41360
41383
41384
41385
41385
41385
41391
41392
41395
41414
41417
41424
41428
41430
41444
41445
41445
41454
41455
41471
41472
41480
41485
41491
41491
41494
41501
41502
41512
41517
41518
41520
41525
41526
41530
41530
41548
41549
41550
41554
41557
41561
41561
41565
41568
41568
41572
41572
41583
41584
41587
41587
41587
41589
41606
41609
41612
41612
41619
41624
41624
41631
41635
41645
41645
41648
41649
41670
41670
41675
41678
41680
41692
41695
41696
41705
41717
41718
41722
41726
41733
41735
41737
41739
41741
41743
41744
41744
41747
41748
41752
41757
41759
41766
41767
41773
41776
41781
41785
41788
41790
41790
41797
41805
41809
41817
41821
41823
41828
41830
41834
41848
41852
41853
41853
41860
41867
41870
41872
41876
41887
41888
41895
41897
41903
41904
41919
41923
41926
41930
41931
41934
41940
41943
41959
41962
41962
41965
41971
41975
41976
41981
41984
41992
42002
42006
42006
42008
42009
42010
42017
42034
42043
42047
42047
42056
42057
42062
42063
42078
42083
42084
42086
42087
42087
42091
42093
42096
42097
42098
42100
42110
42110
42111
42115
42119
42126
42136
42140
42146
42147
42148
42167
42174
42177
42183
42191
42192
42192
42199
42203
42204
42213
42213
42225
42226
42231
42241
42242
42245
42249
42259
42260
42261
42268
42272
42275
42278
42278
42279
42281
42285
42288
42288
42290
42293
42304
42306
42309
42313
42315
42316
42321
42322
42323
42323
42326
42334
42340
42341
42342
42344
42350
42354
42356
42360
42370
42379
42380
42385
42387
42390
42391
42396
42397
42397
42400
42401
42402
42404
42407
42408
42411
42418
42420
42421
42421
42422
42422
42425
42425
42441
42451
42453
42454
42457
42461
42463
42478
42480
42487
42489
42492
42494
42494
42495
42496
42499
42503
42523
42524
42527
42529
42532
42532
42533
42538
42542
42545
42547
42551
42560
42561
42567
42568
42572
42578
42585
42588
42591
42593
42597
42598
42604
42614
42624
42625
42628
42633
42634
42635
42643
42651
42653
42655
42661
42663
42664
42667
42667
42670
42677
42678
42678
42679
42688
42690
42693
42694
42695
42699
42704
42705
42706
42711
42712
42727
42742
42747
42749
42758
42766
42767
42786
42786
42794
42794
42797
42799
42800
42804
42805
42810
42813
42815
42819
42852
42855
42859
42859
42870
42875
42875
42877
42879
42881
42882
42884
42887
42888
42890
42902
42907
42907
42912
42926
42929
42930
42936
42936
42945
42950
42954
42954
42956
42958
42959
42960
42966
42966
42974
42979
42980
42980
43002
43003
43006
43006
43007
43007
43009
43014
43015
43018
43023
43023
43032
43036
43036
43039
43042
43042
43044
43045
43054
43056
43057
43058
43060
43060
43069
43073
43074
43074
43075
43077
43078
43078
43078
43082
43088
43091
43092
43106
43107
43107
43111
43114
43131
43133
43136
43137
43142
43145
43150
43157
43160
43163
43164
43165
43167
43174
43175
43178
43181
43183
43184
43186
43186
43206
43213
43216
43223
43229
43238
43256
43260
43272
43278
43279
43279
43285
43285
43286
43290
43300
43300
43301
43308
43311
43317
43322
43332
43335
43336
43340
43344
43345
43346
43356
43357
43361
43372
43379
43382
43384
43388
43402
43404
43407
43410
43412
43414
43421
43427
43429
43433
43443
43445
43446
43449
43450
43457
43466
43472
43473
43476
43477
43479
43482
43484
43485
43485
43492
43492
43492
43493
43507
43509
43511
43514
43522
43524
43525
43529
43531
43532
43535
43538
43541
43545
43548
43549
43554
43560
43562
43587
43587
43594
43596
43599
43602
43602
43612
43617
43618
43623
43625
43629
43631
43631
43631
43632
43641
43647
43647
43648
43652
43652
43655
43659
43661
43663
43666
43668
43668
43674
43679
43682
43685
43686
43692
43702
43703
43714
43715
43715
43715
43733
43736
43737
43740
43741
43742
43743
43744
43744
43745
43750
43761
43768
43769
43773
43779
43782
43784
43786
43788
43790
43790
43790
43793
43797
43797
43802
43809
43810
43810
43811
43814
43814
43821
43825
43827
43828
43832
43833
43842
43844
43844
43857
43857
43865
43866
43867
43867
43870
43873
43883
43888
43891
43896
43896
43896
43902
43911
43913
43916
43919
43922
43930
43943
43944
43945
43957
43959
43962
43972
43974
43974
43980
43982
43989
43994
43999
44004
44004
44005
44009
44009
44009
44014
44018
44018
44027
44029
44031
44035
44036
44038
44059
44063
44063
44078
44079
44086
44097
44101
44104
44108
44109
44109
44122
44126
44128
44129
44135
44137
44139
44148
44149
44150
44154
44163
44164
44170
44170
44172
44180
44188
44195
44196
44202
44204
44206
44214
44219
44224
44226
44236
44244
44250
44255
44264
44266
44270
44273
44274
44275
44276
44277
44277
44277
44282
44282
44283
44285
44293
44296
44303
44312
44321
44325
44326
44328
44335
44341
44343
44347
44373
44378
44383
44390
44392
44395
44398
44399
44402
44406
44407
44408
44409
44409
44411
44411
44419
44421
44427
44431
44439
44444
44446
44453
44453
44454
44457
44458
44459
44476
44477
44479
44482
44483
44495
44502
44504
44510
44515
44522
44526
44529
44539
44542
44552
44566
44568
44570
44571
44578
44580
44581
44582
44587
44587
44591
44592
44594
44598
44603
44616
44616
44621
44622
44623
44629
44639
44640
44641
44649
44651
44659
44659
44661
44662
44667
44669
44671
44686
44694
44706
44711
44712
44717
44718
44721
44721
44722
44722
44723
44728
44730
44731
44736
44736
44743
44743
44750
44768
44769
44770
44772
44773
44779
44782
44783
44783
44784
44788
44789
44789
44790
44794
44799
44803
44803
44816
44822
44823
44829
44830
44833
44839
44844
44847
44847
44859
44859
44863
44869
44875
44882
44882
44885
44888
44894
44899
44904
44908
44912
44912
44917
44919
44919
44922
44923
44926
44932
44932
44939
44943
44943
44946
44946
44947
44949
44952
44970
44971
44980
44991
44997
45005
45008
45009
45012
45013
45021
45028
45029
45030
45033
45034
45039
45045
45049
45049
45051
45054
45055
45059
45066
45067
45067
45069
45076
45085
45086
45087
45090
45097
45103
45111
45121
45122
45123
45124
45127
45135
45137
45151
45153
45158
45159
45161
45168
45169
45169
45171
45177
45179
45180
45187
45188
45196
45196
45224
45224
45225
45231
45232
45234
45235
45244
45245
45249
45255
45259
45260
45261
45262
45275
45276
45280
45282
45283
45288
45292
45293
45293
45294
45304
45311
45313
45317
45319
45319
45320
45324
45328
45335
45342
45351
45355
45356
45362
45369
45373
45376
45380
45386
45389
45391
45391
45392
45401
45402
45403
45404
45413
45418
45419
45431
45433
45439
45444
45444
45446
45449
45451
45453
45456
45465
45466
45474
45482
45487
45489
45495
45497
45499
45501
45501
45506
45508
45514
45518
45520
45525
45528
45530
45532
45532
45538
45547
45558
45562
45563
45569
45573
45574
45576
45585
45593
45596
45605
45606
45606
45610
45622
45625
45627
45629
45634
45639
45642
45644
45650
45652
45652
45667
45667
45674
45678
45679
45680
45682
45685
45687
45688
45688
45689
45692
45705
45717
45718
45725
45727
45732
45740
45747
45748
45749
45749
45753
45754
45765
45769
45772
45774
45780
45781
45786
45792
45793
45797
45800
45808
45815
45817
45823
45829
45830
45831
45841
45843
45846
45848
45857
45858
45861
45864
45866
45874
45879
45884
45887
45899
45899
45906
45918
45918
45922
45922
45926
45928
45928
45928
45935
45943
45948
45948
45954
45954
45957
45964
45964
45965
45967
45970
45983
45986
45993
45993
45995
45996
46000
46001
46002
46003
46014
46016
46021
46023
46025
46028
46028
46030
46035
46036
46038
46039
46042
46042
46044
46045
46048
46058
46059
46072
46075
46086
46088
46091
46094
46096
46097
46103
46103
46103
46109
46112
46113
46121
46121
46124
46126
46127
46134
46134
46136
46141
46141
46146
46149
46150
46156
46157
46158
46159
46161
46161
46172
46186
46188
46194
46198
46199
46203
46205
46206
46215
46215
46216
46219
46219
46226
46235
46237
46239
46242
46243
46247
46252
46255
46256
46262
46264
46266
46269
46281
46292
46296
46296
46303
46305
46308
46311
46312
46313
46315
46316
46316
46320
46334
46335
46345
46347
46348
46352
46360
46361
46363
46377
46381
46384
46388
46394
46409
46416
46417
46418
46426
46436
46440
46451
46455
46458
46463
46464
46466
46475
46476
46477
46478
46485
46485
46486
46490
46493
46498
46503
46508
46512
46514
46517
46532
46534
46536
46539
46540
46542
46545
46546
46546
46547
46565
46568
46576
46581
46585
46594
46595
46598
46604
46605
46606
46625
46629
46631
46634
46636
46647
46649
46652
46654
46657
46664
46668
46668
46674
46674
46675
46677
46679
46684
46685
46687
46690
46698
46701
46705
46707
46707
46709
46720
46736
46739
46753
46758
46760
46762
46766
46769
46772
46772
46783
46790
46790
46794
46795
46796
46796
46802
46803
46803
46807
46810
46816
46823
46826
46847
46849
46859
46859
46865
46871
46872
46884
46886
46887
46892
46893
46894
46901
46918
46922
46927
46927
46929
46933
46933
46944
46946
46953
46954
46956
46960
46964
46977
46983
46989
46990
46992
46993
46999
47006
47019
47021
47029
47034
47038
47041
47042
47042
47046
47050
47054
47055
47056
47062
47067
47069
47078
47079
47081
47086
47104
47109
47113
47118
47123
47127
47139
47145
47145
47151
47152
47153
47160
47160
47161
47162
47162
47163
47165
47166
47172
47179
47179
47181
47187
47188
47191
47195
47202
47205
47213
47216
47219
47221
47225
47225
47240
47240
47241
47247
47247
47250
47251
47252
47255
47258
47259
47261
47262
47268
47269
47270
47280
47285
47287
47299
47307
47309
47316
47319
47326
47328
47338
47341
47344
47352
47352
47358
47362
47368
47369
47384
47393
47395
47397
47399
47403
47407
47413
47417
47419
47430
47436
47439
47441
47448
47453
47455
47470
47470
47474
47474
47479
47482
47485
47486
47489
47494
47500
47506
47507
47527
47528
47529
47538
47538
47540
47541
47542
47543
47551
47552
47552
47553
47554
47556
47556
47557
47558
47564
47577
47580
47583
47587
47590
47603
47608
47611
47612
47614
47617
47620
47628
47634
47641
47645
47648
47648
47649
47649
47653
47654
47662
47671
47680
47681
47682
47685
47691
47694
47695
47695
47695
47702
47704
47705
47706
47718
47719
47720
47723
47723
47727
47733
47734
47740
47755
47756
47758
47760
47761
47763
47768
47768
47773
47775
47775
47799
47799
47804
47806
47811
47812
47812
47815
47816
47818
47819
47821
47825
47837
47839
47841
47850
47850
47852
47854
47862
47862
47864
47866
47869
47873
47877
47877
47880
47881
47881
47882
47883
47886
47887
47890
47897
47901
47901
47905
47908
47909
47913
47914
47917
47919
47923
47923
47923
47925
47926
47928
47930
47932
47938
47942
47943
47952
47954
47961
47969
47976
47992
47995
48002
48009
48013
48014
48017
48020
48021
48023
48027
48030
48038
48040
48040
48048
48051
48057
48060
48067
48068
48075
48081
48083
48085
48088
48091
48092
48095
48102
48106
48113
48115
48119
48124
48132
48144
48146
48148
48151
48156
48165
48167
48170
48175
48176
48177
48180
48181
48198
48205
48214
48222
48229
48237
48240
48241
48242
48248
48262
48262
48262
48263
48265
48267
48271
48272
48273
48273
48278
48279
48284
48284
48289
48289
48296
48298
48304
48305
48309
48312
48313
48314
48319
48320
48329
48330
48337
48340
48344
48346
48347
48349
48352
48353
48354
48361
48366
48369
48375
48376
48376
48377
48377
48384
48385
48389
48400
48414
48418
48421
48426
48429
48434
48434
48435
48436
48445
48451
48452
48453
48460
48462
48463
48467
48468
48469
48474
48476
48477
48489
48490
48503
48505
48508
48518
48535
48537
48537
48539
48540
48542
48545
48549
48550
48559
48562
48564
48565
48568
48572
48574
48577
48577
48586
48591
48597
48599
48603
48604
48604
48609
48610
48611
48612
48612
48615
48617
48619
48621
48625
48625
48627
48629
48643
48645
48645
48645
48645
48647
48652
48657
48657
48667
48675
48676
48679
48679
48710
48715
48717
48719
48723
48727
48730
48730
48731
48738
48742
48743
48744
48752
48753
48754
48760
48777
48778
48778
48781
48781
48784
48787
48787
48788
48792
48797
48797
48798
48803
48805
48808
48810
48812
48814
48825
48839
48845
48861
48861
48863
48868
48869
48871
48874
48885
48885
48888
48890
48892
48893
48895
48896
48901
48902
48902
48906
48908
48915
48916
48917
48924
48925
48929
48932
48937
48938
48940
48940
48942
48944
48944
48958
48965
48969
48975
48977
48993
48998
49007
49018
49022
49024
49026
49027
49033
49048
49053
49054
49056
49069
49070
49075
49076
49083
49088
49089
49089
49089
49100
49103
49113
49117
49117
49118
49127
49127
49135
49141
49146
49147
49150
49150
49153
49156
49160
49170
49171
49176
49188
49190
49193
49193
49196
49197
49206
49209
49210
49210
49213
49214
49219
49222
49223
49224
49233
49237
49242
49243
49248
49248
49250
49251
49252
49253
49261
49263
49265
49267
49267
49267
49268
49275
49278
49281
49283
49295
49296
49314
49317
49317
49325
49332
49333
49333
49334
49335
49336
49337
49349
49350
49354
49364
49364
49369
49369
49369
49372
49382
49382
49391
49391
49395
49407
49412
49416
49421
49422
49433
49435
49438
49440
49444
49447
49454
49467
49468
49470
49475
49476
49477
49477
49478
49480
49484
49493
49501
49501
49504
49505
49508
49511
49512
49514
49515
49523
49526
49527
49534
49534
49535
49541
49543
49544
49553
49553
49564
49566
49569
49570
49572
49573
49576
49576
49588
49592
49594
49602
49609
49610
49610
49611
49613
49625
49627
49628
49636
49639
49643
49645
49652
49656
49657
49659
49663
49664
49667
49668
49669
49677
49680
49685
49696
49698
49700
49702
49712
49716
49722
49726
49728
49728
49728
49730
49730
49732
49733
49736
49740
49747
49749
49750
49759
49759
49760
49763
49775
49777
49785
49786
49790
49791
49793
49794
49801
49805
49812
49812
49817
49818
49818
49830
49834
49835
49845
49854
49858
49860
49861
49863
49869
49871
49874
49874
49875
49877
49880
49880
49891
49896
49898
49902
49904
49904
49909
49910
49914
49917
49918
49919
49929
49936
49940
49945
49957
49970
49974
49977
49980
49983
49984
49984
49990
49992
49995
50004
50007
50021
50026
50040
50050
50051
50053
50054
50056
50059
50063
50071
50071
50080
50086
50090
50092
50096
50099
50100
50101
50108
50109
50109
50116
50129
50133
50133
50136
50138
50145
50146
50148
50159
50164
50170
50177
50180
50183
50184
50192
50199
50199
50200
50201
50202
50203
50203
50205
50206
50213
50213
50214
50221
50221
50226
50229
50235
50251
50252
50258
50263
50271
50272
50273
50276
50278
50283
50283
50293
50294
50300
50300
50313
50314
50315
50318
50318
50321
50323
50329
50329
50341
50347
50349
50364
50365
50367
50374
50378
50386
50390
50390
50392
50396
50397
50407
50409
50409
50412
50418
50429
50451
50454
50456
50456
50461
50466
50467
50467
50470
50474
50476
50480
50481
50485
50503
50511
50518
50518
50527
50528
50529
50530
50535
50535
50537
50539
50540
50542
50543
50545
50549
50552
50561
50567
50568
50569
50574
50574
50577
50583
50587
50594
50595
50595
50598
50605
50606
50610
50611
50632
50635
50641
50648
50648
50652
50653
50656
50658
50659
50662
50664
50666
50676
50679
50680
50681
50684
50684
50689
50689
50697
50697
50703
50712
50716
50716
50723
50731
50731
50733
50737
50737
50737
50739
50747
50754
50758
50759
50762
50765
50779
50779
50781
50782
50791
50791
50793
50795
50799
50804
50804
50805
50813
50826
50826
50826
50841
50842
50843
50843
50844
50845
50850
50850
50852
50852
50854
50859
50862
50865
50870
50877
50884
50900
50904
50907
50924
50931
50934
50936
50949
50956
50962
50972
50973
50974
50980
50980
50981
50982
50986
50992
50994
50995
51002
51006
51013
51014
51017
51020
51021
51022
51032
51033
51046
51049
51054
51055
51056
51058
51069
51071
51073
51074
51076
51077
51083
51083
51087
51088
51091
51092
51095
51099
51100
51115
51116
51119
51119
51122
51128
51139
51140
51149
51161
51162
51163
51164
51172
51179
51179
51185
51187
51189
51191
51192
51192
51193
51195
51198
51200
51203
51204
51206
51209
51216
51217
51218
51221
51222
51223
51224
51224
51229
51241
51241
51242
51267
51268
51279
51281
51285
51291
51303
51307
51310
51313
51318
51322
51330
51331
51337
51339
51356
51356
51362
51372
51374
51375
51382
51384
51390
51390
51402
51409
51411
51424
51425
51430
51431
51439
51442
51446
51451
51453
51454
51461
51461
51462
51465
51469
51473
51489
51489
51491
51494
51495
51499
51502
51503
51506
51508
51513
51515
51517
51518
51522
51525
51527
51538
51542
51546
51575
51581
51582
51583
51584
51586
51589
51589
51591
51593
51595
51596
51604
51605
51606
51628
51630
51639
51643
51643
51645
51646
51650
51657
51660
51663
51664
51665
51666
51667
51669
51670
51675
51678
51680
51684
51688
51688
51692
51695
51699
51706
51709
51711
51711
51715
51717
51721
51723
51734
51735
51742
51746
51746
51752
51756
51757
51758
51769
51789
51790
51797
51801
51803
51803
51807
51811
51820
51821
51822
51827
51832
51836
51842
51845
51849
51852
51854
51857
51866
51874
51880
51884
51886
51892
51894
51899
51901
51902
51907
51907
51909
51911
51912
51922
51926
51936
51937
51938
51940
51945
51946
51949
51950
51953
51953
51961
51962
51963
51972
51973
51977
51979
51979
51985
51990
51992
51996
52000
52009
52026
52026
52028
52028
52042
52045
52052
52053
52057
52064
52066
52066
52072
52078
52080
52082
52100
52102
52110
52117
52122
52123
52127
52127
52131
52134
52136
52136
52141
52150
52153
52159
52168
52180
52181
52184
52185
52188
52190
52195
52197
52199
52204
52204
52208
52208
52209
52215
52215
52222
52230
52233
52245
52247
52248
52249
52251
52252
52253
52254
52261
52262
52264
52265
52284
52287
52288
52290
52294
52300
52302
52307
52317
52318
52320
52322
52333
52340
52345
52353
52354
52358
52358
52362
52369
52372
52373
52373
52374
52378
52378
52380
52382
52382
52383
52384
52385
52395
52400
52403
52404
52413
52414
52415
52416
52417
52419
52419
52421
52434
52442
52444
52451
52464
52465
52474
52478
52481
52482
52499
52507
52509
52512
52513
52514
52516
52517
52517
52521
52524
52524
52529
52531
52540
52544
52547
52548
52548
52555
52560
52563
52566
52567
52567
52569
52572
52572
52575
52579
52586
52593
52599
52603
52606
52618
52621
52627
52634
52639
52639
52645
52646
52664
52665
52665
52674
52690
52696
52698
52699
52700
52703
52705
52716
52723
52726
52747
52759
52759
52764
52765
52777
52782
52785
52796
52804
52807
52810
52822
52825
52829
52831
52839
52842
52843
52847
52850
52851
52856
52858
52858
52862
52867
52869
52870
52877
52879
52881
52884
52890
52891
52896
52897
52902
52903
52909
52915
52919
52923
52929
52929
52945
52945
52946
52949
52952
52956
52958
52960
52967
52974
52974
52977
52983
52993
52997
53002
53004
53016
53016
53025
53025
53027
53030
53033
53033
53037
53045
53050
53051
53058
53058
53059
53064
53064
53064
53065
53071
53082
53083
53085
53089
53094
53096
53117
53117
53118
53122
53125
53128
53131
53131
53131
53132
53137
53138
53139
53141
53142
53143
53146
53150
53152
53154
53156
53165
53165
53171
53174
53178
53180
53181
53181
53194
53197
53197
53199
53201
53203
53207
53218
53219
53227
53234
53243
53244
53251
53255
53255
53259
53260
53263
53264
53271
53273
53275
53276
53287
53297
53306
53311
53313
53314
53321
53323
53330
53333
53335
53344
53345
53347
53349
53357
53357
53360
53362
53366
53367
53367
53368
53368
53369
53373
53375
53380
53386
53388
53404
53407
53412
53412
53420
53422
53424
53429
53429
53430
53432
53433
53448
53452
53456
53461
53463
53466
53470
53484
53487
53488
53490
53493
53495
53499
53526
53528
53532
53533
53534
53541
53543
53543
53546
53547
53550
53552
53553
53563
53564
53570
53571
53574
53577
53578
53587
53587
53588
53592
53605
53606
53610
53621
53621
53624
53626
53628
53629
53637
53637
53640
53642
53645
53653
53662
53662
53664
53670
53670
53673
53673
53674
53675
53684
53690
53690
53691
53698
53703
53704
53706
53714
53717
53725
53734
53739
53744
53748
53752
53760
53763
53767
53773
53779
53783
53788
53793
53798
53802
53804
53804
53804
53805
53809
53809
53811
53811
53814
53818
53818
53820
53823
53833
53839
53845
53851
53851
53855
53858
53860
53864
53866
53870
53874
53875
53883
53887
53894
53899
53900
53907
53911
53915
53921
53922
53930
53933
53938
53939
53946
53948
53960
53962
53967
53979
53982
53984
53988
53989
53997
53998
53998
54003
54005
54009
54010
54012
54014
54019
54019
54029
54032
54033
54047
54050
54051
54053
54056
54059
54068
54070
54072
54075
54078
54082
54085
54085
54090
54094
54095
54097
54098
54107
54107
54107
54109
54116
54120
54121
54123
54130
54138
54138
54138
54139
54142
54144
54154
54159
54164
54164
54165
54175
54179
54180
54186
54186
54197
54199
54207
54209
54210
54212
54215
54220
54223
54239
54246
54247
54248
54255
54255
54263
54264
54269
54270
54270
54280
54281
54281
54285
54288
54292
54294
54297
54298
54302
54302
54305
54309
54311
54312
54313
54318
54321
54321
54322
54326
54326
54335
54339
54340
54341
54354
54355
54356
54360
54361
54361
54361
54361
54367
54379
54380
54387
54400
54411
54412
54413
54413
54418
54420
54430
54437
54437
54442
54444
54448
54450
54466
54467
54468
54468
54470
54472
54473
54479
54482
54493
54494
54495
54498
54501
54503
54504
54507
54508
54510
54512
54513
54514
54516
54516
54517
54518
54518
54521
54523
54533
54534
54535
54536
54536
54540
54541
54552
54555
54556
54556
54560
54567
54569
54571
54576
54577
54577
54583
54583
54588
54611
54614
54622
54622
54636
54641
54660
54661
54663
54663
54666
54672
54675
54676
54677
54681
54681
54691
54703
54706
54706
54722
54723
54725
54732
54737
54738
54739
54741
54741
54747
54747
54749
54751
54753
54754
54756
54759
54760
54764
54766
54790
54796
54801
54810
54811
54814
54816
54816
54821
54826
54831
54839
54844
54845
54846
54848
54852
54859
54859
54870
54872
54881
54887
54894
54895
54899
54899
54902
54904
54915
54920
54920
54926
54927
54944
54951
54952
54955
54957
54957
54961
54967
54969
54971
54973
54975
54978
54979
54981
54985
54994
54995
54998
55001
55006
55010
55011
55012
55015
55027
55042
55043
55062
55065
55070
55073
55074
55096
55097
55099
55100
55102
55109
55113
55114
55116
55117
55120
55120
55121
55124
55126
55131
55135
55135
55136
55138
55140
55141
55141
55145
55148
55154
55157
55157
55158
55158
55162
55162
55175
55176
55185
55189
55194
55196
55200
55201
55203
55204
55210
55211
55219
55219
55222
55235
55244
55245
55246
55248
55250
55254
55263
55265
55268
55274
55276
55276
55278
55281
55295
55315
55317
55321
55325
55330
55333
55333
55333
55335
55346
55352
55360
55361
55362
55366
55373
55374
55375
55377
55379
55380
55380
55381
55383
55387
55389
55400
55405
55410
55413
55414
55415
55419
55424
55428
55428
55429
55435
55440
55445
55449
55449
55450
55451
55458
55465
55467
55473
55483
55489
55490
55495
55496
55509
55524
55525
55525
55528
55533
55535
55540
55542
55548
55553
55554
55555
55568
55572
55584
55589
55590
55596
55608
55608
55609
55609
55615
55622
55626
55632
55634
55638
55648
55649
55651
55655
55666
55666
55670
55683
55686
55688
55691
55705
55707
55710
55713
55718
55719
55727
55732
55733
55735
55736
55737
55738
55741
55747
55747
55751
55754
55758
55768
55772
55789
55796
55796
55798
55798
55799
55801
55802
55802
55805
55821
55824
55824
55828
55830
55832
55833
55839
55852
55853
55859
55870
55871
55876
55878
55883
55888
55901
55904
55910
55912
55914
55917
55926
55927
55929
55932
55939
55946
55951
55953
55955
55957
55958
55962
55969
55969
55970
55971
55975
55976
55980
55987
55990
55991
55996
56000
56014
56015
56019
56020
56023
56027
56029
56032
56034
56036
56055
56055
56062
56063
56064
56067
56067
56070
56070
56078
56081
56083
56085
56086
56089
56090
56090
56090
56091
56099
56103
56105
56107
56107
56117
56118
56118
56123
56127
56128
56129
56133
56134
56139
56141
56153
56164
56170
56176
56179
56189
56193
56217
56219
56226
56229
56232
56234
56238
56241
56248
56250
56251
56264
56266
56267
56267
56274
56274
56278
56302
56305
56313
56313
56315
56324
56336
56341
56347
56348
56356
56366
56367
56369
56377
56378
56379
56384
56385
56389
56391
56404
56410
56419
56421
56425
56426
56432
56438
56445
56448
56475
56481
56481
56482
56484
56491
56493
56495
56499
56503
56504
56517
56520
56521
56534
56534
56534
56539
56542
56547
56564
56574
56577
56584
56589
56596
56604
56622
56623
56630
56630
56632
56637
56644
56651
56652
56655
56661
56662
56672
56677
56678
56679
56679
56679
56690
56693
56695
56696
56697
56698
56703
56710
56710
56712
56713
56718
56732
56740
56753
56761
56763
56767
56777
56777
56780
56789
56791
56794
56794
56798
56807
56810
56811
56820
56823
56825
56827
56830
56834
56835
56840
56842
56843
56843
56852
56857
56858
56860
56861
56875
56880
56883
56885
56888
56888
56894
56897
56899
56900
56907
56927
56927
56928
56940
56944
56951
56953
56955
56958
56959
56960
56965
56969
56970
56972
56972
56975
56978
56981
56981
56984
56988
56992
56993
57004
57004
57006
57008
57011
57017
57023
57026
57030
57037
57044
57049
57051
57051
57052
57053
57054
57056
57059
57062
57064
57069
57069
57086
57101
57101
57103
57103
57103
57110
57115
57116
57117
57118
57120
57135
57140
57148
57152
57154
57157
57159
57160
57166
57168
57168
57173
57176
57181
57183
57190
57192
57218
57227
57237
57238
57238
57239
57241
57245
57261
57271
57278
57279
57282
57294
57296
57299
57302
57312
57315
57316
57320
57334
57337
57338
57341
57342
57350
57350
57354
57358
57359
57372
57374
57379
57379
57388
57401
57401
57403
57408
57409
57411
57415
57420
57422
57428
57428
57434
57445
57446
57448
57452
57453
57456
57456
57459
57460
57475
57478
57479
57480
57485
57487
57488
57494
57497
57500
57507
57508
57514
57531
57531
57534
57534
57537
57539
57542
57545
57555
57557
57558
57559
57562
57575
57576
57577
57583
57584
57584
57588
57596
57612
57612
57612
57613
57622
57627
57632
57637
57640
57641
57642
57642
57645
57645
57646
57646
57658
57662
57665
57674
57676
57677
57681
57682
57684
57685
57685
57686
57688
57696
57697
57703
57704
57709
57713
57715
57720
57722
57723
57727
57730
57730
57733
57735
57736
57746
57747
57750
57754
57762
57767
57769
57773
57773
57781
57783
57785
57788
57792
57803
57807
57810
57811
57815
57816
57823
57825
57826
57827
57831
57832
57837
57844
57847
57855
57862
57864
57874
57882
57882
57882
57889
57890
57893
57898
57898
57904
57911
57913
57916
57919
57923
57923
57935
57936
57938
57949
57950
57955
57955
57955
57977
57977
57982
57982
57984
57994
57998
57998
58004
58009
58009
58016
58020
58032
58037
58039
58044
58046
58047
58048
58048
58049
58049
58050
58051
58057
58058
58059
58061
58063
58069
58083
58090
58094
58098
58100
58102
58102
58109
58123
58126
58131
58139
58145
58147
58149
58150
58151
58151
58152
58160
58168
58175
58180
58189
58190
58195
58195
58198
58201
58204
58206
58206
58212
58222
58230
58241
58253
58257
58259
58260
58261
58271
58271
58275
58277
58286
58290
58298
58299
58302
58308
58320
58322
58329
58334
58335
58342
58346
58356
58361
58367
58370
58378
58384
58387
58406
58417
58423
58424
58429
58433
58433
58442
58446
58453
58454
58457
58459
58459
58482
58487
58488
58489
58489
58490
58490
58495
58500
58501
58504
58508
58509
58515
58515
58521
58526
58526
58526
58531
58531
58536
58540
58546
58549
58550
58552
58555
58558
58558
58560
58564
58568
58573
58575
58578
58578
58584
58587
58587
58590
58602
58609
58612
58613
58615
58615
58617
58617
58619
58621
58621
58624
58626
58634
58635
58646
58659
58664
58667
58671
58671
58674
58679
58680
58685
58692
58693
58694
58698
58701
58703
58703
58705
58708
58711
58713
58714
58721
58728
58729
58729
58732
58733
58734
58736
58751
58773
58774
58775
58775
58778
58779
58780
58791
58802
58805
58808
58810
58820
58823
58828
58830
58831
58833
58833
58837
58849
58849
58851
58854
58855
58859
58862
58862
58865
58865
58866
58869
58872
58872
58875
58879
58885
58886
58886
58889
58891
58894
58898
58905
58907
58907
58911
58911
58917
58917
58922
58924
58926
58932
58932
58934
58936
58937
58943
58945
58949
58949
58954
58960
58975
58977
58979
58981
58986
58992
58996
59005
59007
59016
59026
59027
59043
59047
59048
59048
59054
59073
59074
59074
59076
59077
59079
59084
59089
59091
59092
59097
59110
59115
59120
59125
59129
59131
59134
59135
59152
59172
59175
59176
59186
59187
59188
59190
59196
59201
59217
59219
59224
59225
59229
59230
59231
59232
59244
59244
59248
59248
59274
59276
59279
59283
59285
59289
59292
59294
59294
59303
59306
59313
59323
59328
59328
59331
59336
59342
59344
59349
59354
59354
59356
59364
59369
59373
59373
59375
59378
59381
59382
59386
59393
59400
59402
59406
59407
59419
59421
59421
59433
59440
59446
59448
59457
59459
59460
59461
59470
59472
59477
59478
59490
59493
59495
59499
59503
59508
59514
59525
59531
59533
59533
59537
59540
59546
59550
59552
59553
59553
59559
59565
59570
59576
59576
59584
59585
59588
59596
59603
59608
59610
59611
59612
59622
59630
59632
59649
59649
59655
59656
59657
59658
59659
59661
59661
59667
59672
59673
59674
59683
59684
59685
59687
59688
59690
59707
59721
59722
59723
59726
59728
59739
59742
59744
59756
59758
59760
59761
59765
59771
59778
59787
59792
59793
59793
59793
59796
59798
59804
59811
59812
59812
59815
59823
59824
59832
59834
59836
59844
59845
59848
59848
59856
59863
59864
59870
59871
59871
59873
59878
59882
59889
59890
59890
59893
59896
59903
59905
59906
59916
59927
59931
59933
59933
59936
59942
59944
59945
59946
59950
59951
59962
59964
59965
59968
59971
59973
59973
59974
59995
59996
59997
59997
59999
60008
60012
60018
60020
60021
60024
60025
60028
60034
60039
60039
60041
60046
60048
60056
60057
60063
60066
60074
60084
60091
60094
60097
60097
60098
60107
60108
60118
60123
60123
60143
60143
60145
60145
60146
60148
60153
60155
60156
60170
60175
60187
60193
60199
60203
60203
60205
60208
60211
60219
60220
60226
60231
60238
60241
60243
60246
60257
60258
60264
60267
60278
60284
60286
60292
60293
60295
60297
60299
60301
60311
60315
60320
60321
60321
60324
60326
60326
60327
60327
60331
60353
60355
60355
60363
60366
60369
60371
60373
60373
60376
60380
60383
60386
60386
60389
60390
60393
60412
60417
60419
60421
60426
60431
60435
60445
60446
60447
60451
60453
60458
60459
60460
60462
60465
60469
60471
60472
60476
60476
60482
60485
60492
60494
60501
60502
60502
60507
60516
60527
60532
60543
60544
60548
60555
60556
60563
60567
60572
60583
60589
60590
60591
60595
60596
60609
60611
60617
60618
60619
60621
60624
60638
60642
60650
60652
60653
60659
60665
60665
60666
60678
60678
60683
60691
60694
60707
60708
60710
60716
60721
60727
60730
60734
60739
60747
60748
60752
60756
60760
60763
60764
60765
60766
60767
60770
60771
60779
60783
60792
60808
60810
60816
60819
60831
60834
60851
60857
60862
60864
60865
60868
60881
60886
60889
60894
60896
60897
60897
60899
60911
60926
60928
60932
60935
60939
60940
60946
60947
60949
60956
60962
60964
60967
60982
60985
60987
60989
60989
61001
61004
61009
61012
61016
61016
61034
61040
61041
61043
61046
61049
61054
61060
61060
61063
61063
61064
61066
61066
61066
61072
61075
61077
61079
61080
61083
61091
61094
61095
61097
61099
61100
61103
61103
61116
61120
61121
61124
61127
61128
61129
61130
61130
61140
61145
61148
61165
61172
61176
61179
61180
61181
61181
61182
61186
61187
61188
61193
61196
61200
61202
61203
61206
61207
61227
61230
61230
61231
61235
61249
61250
61252
61256
61257
61269
61270
61273
61275
61281
61281
61284
61284
61291
61292
61294
61301
61308
61315
61322
61323
61328
61329
61335
61336
61338
61338
61343
61364
61366
61367
61371
61376
61382
61382
61387
61388
61395
61398
61399
61401
61403
61404
61417
61434
61436
61437
61442
61443
61445
61446
61450
61457
61458
61458
61463
61468
61471
61479
61482
61488
61489
61489
61491
61492
61506
61507
61508
61510
61510
61512
61512
61517
61521
61527
61529
61534
61536
61537
61541
61547
61548
61549
61555
61560
61560
61563
61566
61567
61582
61583
61588
61589
61589
61597
61599
61609
61611
61611
61627
61631
61632
61634
61640
61645
61645
61646
61660
61664
61669
61675
61680
61682
61688
61699
61705
61715
61726
61732
61737
61738
61739
61740
61740
61744
61747
61756
61759
61760
61766
61777
61782
61783
61786
61789
61805
61818
61821
61821
61823
61825
61832
61836
61841
61849
61856
61868
61870
61872
61872
61873
61874
61878
61878
61902
61903
61904
61908
61910
61920
61922
61924
61924
61927
61929
61933
61934
61938
61939
61940
61950
61954
61957
61966
61966
61967
61969
61972
61978
61982
61984
61985
61991
61991
61998
61999
62000
62003
62005
62019
62019
62020
62021
62024
62025
62025
62032
62032
62033
62036
62062
62065
62069
62072
62072
62073
62080
62084
62088
62090
62108
62109
62109
62110
62112
62114
62114
62116
62123
62129
62133
62136
62136
62139
62140
62143
62151
62155
62157
62163
62178
62178
62179
62184
62190
62191
62195
62196
62202
62203
62206
62218
62220
62224
62232
62233
62235
62237
62243
62245
62264
62267
62273
62275
62275
62278
62279
62292
62301
62318
62320
62324
62326
62326
62326
62335
62335
62340
62353
62355
62356
62358
62359
62361
62370
62388
62388
62392
62393
62397
62399
62402
62402
62410
62411
62411
62412
62414
62415
62425
62429
62439
62441
62457
62467
62488
62491
62500
62504
62505
62506
62511
62515
62525
62533
62534
62548
62559
62559
62567
62571
62573
62578
62579
62581
62582
62585
62590
62598
62598
62599
62599
62602
62606
62610
62614
62616
62617
62618
62619
62619
62622
62631
62649
62659
62661
62662
62667
62667
62668
62671
62672
62675
62692
62692
62697
62704
62704
62706
62706
62709
62710
62713
62718
62720
62722
62724
62727
62728
62730
62733
62735
62738
62740
62741
62760
62766
62768
62770
62773
62780
62787
62790
62791
62791
62794
62802
62808
62810
62818
62832
62839
62842
62848
62853
62854
62854
62857
62857
62864
62867
62869
62869
62882
62886
62929
62935
62936
62939
62943
62951
62954
62959
62962
62965
62973
62974
62974
62977
62978
62978
62979
62979
62980
62985
62986
62986
62988
62995
62999
62999
63014
63015
63021
63026
63029
63033
63038
63042
63053
63056
63061
63067
63071
63073
63076
63084
63091
63091
63094
63100
63100
63103
63118
63128
63130
63134
63145
63147
63150
63155
63158
63163
63165
63171
63185
63194
63194
63197
63202
63207
63213
63219
63220
63222
63223
63225
63225
63227
63229
63238
63244
63244
63254
63259
63267
63269
63270
63278
63292
63296
63298
63299
63300
63303
63305
63306
63308
63320
63321
63330
63337
63340
63343
63351
63351
63356
63358
63358
63361
63363
63364
63364
63365
63372
63374
63375
63377
63378
63378
63383
63386
63386
63390
63402
63408
63415
63416
63417
63421
63426
63428
63436
63438
63445
63455
63462
63462
63480
63481
63483
63486
63489
63490
63491
63492
63493
63497
63497
63499
63504
63504
63504
63506
63508
63510
63510
63513
63516
63520
63520
63523
63525
63527
63533
63533
63538
63540
63540
63548
63548
63549
63551
63554
63556
63564
63564
63568
63574
63585
63587
63590
63593
63596
63597
63607
63614
63620
63624
63626
63636
63636
63645
63651
63660
63675
63677
63678
63679
63690
63694
63700
63704
63705
63706
63713
63720
63734
63736
63741
63745
63750
63766
63769
63772
63782
63782
63783
63784
63784
63787
63798
63799
63810
63815
63816
63818
63820
63822
63824
63827
63831
63834
63836
63845
63846
63847
63849
63854
63854
63856
63862
63862
63863
63872
63876
63886
63888
63892
63897
63898
63902
63903
63906
63907
63908
63910
63914
63915
63918
63919
63920
63924
63932
63935
63937
63948
63950
63956
63958
63964
63971
63972
63977
63978
63988
63992
63998
64002
64004
64005
64005
64007
64010
64011
64012
64016
64016
64022
64029
64032
64042
64047
64052
64052
64054
64061
64063
64067
64067
64072
64081
64089
64093
64095
64096
64098
64099
64100
64111
64114
64119
64124
64125
64129
64134
64135
64136
64137
64139
64140
64141
64142
64145
64150
64154
64156
64158
64159
64169
64176
64177
64179
64193
64197
64204
64207
64209
64212
64214
64214
64218
64219
64224
64224
64232
64234
64235
64244
64247
64248
64250
64257
64258
64260
64269
64274
64278
64279
64281
64286
64286
64290
64296
64296
64296
64300
64302
64303
64309
64311
64313
64323
64326
64328
64329
64331
64333
64342
64345
64349
64351
64366
64371
64385
64394
64410
64417
64419
64425
64435
64437
64445
64446
64446
64450
64457
64466
64470
64473
64474
64475
64479
64480
64484
64486
64488
64497
64505
64511
64512
64512
64517
64533
64537
64541
64542
64544
64550
64557
64558
64566
64571
64571
64574
64580
64582
64584
64588
64588
64593
64615
64615
64633
64637
64638
64642
64652
64653
64661
64661
64669
64675
64677
64679
64680
64684
64688
64693
64695
64695
64699
64711
64713
64716
64720
64725
64731
64737
64743
64747
64751
64753
64753
64759
64760
64777
64778
64784
64785
64793
64797
64798
64798
64801
64809
64826
64828
64832
64836
64849
64858
64862
64867
64868
64868
64869
64872
64873
64875
64876
64876
64877
64884
64886
64888
64893
64895
64899
64902
64903
64908
64908
64911
64911
64912
64919
64921
64927
64930
64930
64933
64936
64957
64960
64961
64963
64964
64966
64969
64970
64971
64977
64980
64982
64983
64994
65001
65005
65007
65008
65008
65009
65012
65025
65029
65031
65032
65034
65035
65037
65037
65040
65041
65044
65046
65047
65051
65054
65061
65063
65069
65076
65076
65079
65080
65083
65086
65090
65095
65096
65096
65099
65105
65106
65109
65113
65117
65122
65123
65124
65129
65133
65135
65136
65138
65143
65146
65155
65156
65158
65164
65176
65187
65195
65204
65204
65205
65207
65211
65212
65218
65219
65221
65221
65222
65226
65233
65241
65242
65252
65254
65254
65257
65263
65263
65280
65286
65302
65302
65304
65310
65313
65319
65327
65328
65329
65330
65331
65334
65336
65337
65348
65354
65355
65358
65368
65378
65381
65381
65382
65383
65385
65390
65396
65397
65398
65404
65410
65413
65413
65417
65419
65420
65421
65430
65431
65431
65432
65438
65449
65456
65458
65476
65476
65485
65489
65489
65491
65493
65508
65517
65519
65521
65525
65533
65533
65534
