13
16
58
106
142
172
188
204
220
252
259
274
281
340
433
445
448
476
526
536
549
561
602
651
657
748
826
855
858
864
865
885
954
963
967
991
1019
1028
1160
1166
1172
1217
1232
1233
1278
1359
1443
1464
1494
1507
1646
1647
1650
1664
1721
1730
1832
1914
1918
1924
1940
1967
2090
2099
2141
2175
2176
2211
2228
2248
2258
2351
2359
2403
2426
2464
2493
2534
2536
2555
2559
2595
2628
2654
2661
2696
2774
2800
2902
2944
2944
3026
3099
3151
3168
3196
3200
3225
3277
3319
3431
3447
3452
3456
3464
3476
3478
3505
3533
3534
3582
3614
3694
3702
3714
3778
3818
3839
3844
3865
3879
3973
3975
3987
3989
4016
4064
4108
4162
4172
4222
4255
4271
4389
4407
4424
4445
4470
4484
4500
4616
4701
4707
4744
4757
4767
4820
4866
4961
4977
4977
5018
5042
5046
5124
5169
5169
5251
5251
5252
5283
5356
5365
5393
5395
5402
5406
5432
5433
5492
5511
5519
5575
5637
5641
5663
5693
5697
5709
5719
5722
5773
5805
5837
5858
5914
5937
5996
6005
6064
6114
6141
6177
6201
6203
6273
6328
6330
6376
6397
6437
6525
6531
6538
6546
6578
6673
6682
6772
6803
6836
6836
6852
6859
6911
6944
6956
7042
7086
7105
7109
7123
7144
7153
7217
7233
7259
7270
7273
7310
7330
7357
7445
7533
7603
7696
7730
7784
7793
7814
7816
7826
7886
8002
8071
8105
8143
8203
8242
8263
8294
8309
8326
8340
8363
8376
8404
8488
8563
8641
8675
8688
8705
8729
8776
8780
8787
8853
8890
8984
8999
9075
9115
9141
9253
9368
9415
9435
9437
9458
9497
9537
9579
9619
9627
9644
9672
9685
9742
9755
9764
9863
9901
9941
9948
9963
10083
10217
10249
10333
10360
10364
10392
10397
10430
10529
10627
10630
10662
10666
10667
10733
10822
10833
10861
10880
10919
10951
10963
10996
11037
11059
11189
11192
11238
11307
11308
11340
11347
11382
11436
11439
11448
11459
11501
11549
11561
11606
11690
11694
11786
11876
11877
11930
11937
12024
12031
12034
12081
12097
12103
12150
12174
12203
12241
12253
12345
12353
12417
12420
12429
12456
12490
12501
12502
12529
12577
12580
12618
12623
12646
12703
12725
12729
12754
12769
12773
12798
12801
12850
12851
12852
12858
12885
12919
12925
12997
13008
13015
13078
13089
13101
13130
13132
13255
13346
13348
13355
13466
13527
13574
13602
13631
13674
13684
13690
13725
13760
13764
13855
13904
13940
13940
14015
14047
14196
14376
14391
14413
14419
14442
14503
14547
14566
14625
14780
14805
14846
14940
14946
14977
15040
15044
15049
15088
15092
15119
15132
15139
15172
15212
15221
15227
15242
15254
15301
15350
15365
15403
15432
15483
15488
15535
15537
15540
15569
15644
15669
15689
15730
15759
15760
15784
15820
15895
15972
15974
15977
15993
16003
16014
16021
16048
16055
16127
16128
16139
16219
16223
16233
16260
16304
16348
16368
16373
16395
16402
16444
16491
16550
16567
16590
16599
16607
16608
16728
16739
16797
16805
16824
16865
16869
16936
16953
16970
16999
17070
17070
17093
17154
17264
17402
17419
17483
17524
17538
17570
17614
17702
17745
17798
17835
17850
17864
17900
17987
17993
18073
18104
18122
18142
18157
18189
18249
18263
18285
18336
18345
18378
18432
18444
18452
18462
18479
18499
18506
18569
18577
18587
18595
18623
18626
18659
18666
18684
18726
18729
18740
18744
18792
18794
18808
18834
18897
18966
19084
19106
19286
19351
19400
19405
19503
19527
19559
19561
19581
19614
19661
19679
19696
19733
19736
19863
19867
19872
19915
19928
20003
20010
20061
20195
20244
20248
20259
20260
20292
20306
20342
20346
20349
20361
20383
20393
20405
20431
20435
20440
20457
20496
20541
20573
20608
20609
20618
20639
20713
20745
20756
20760
20795
20825
20859
20903
20908
20987
20990
21003
21071
21074
21133
21141
21173
21179
21268
21299
21313
21370
21386
21477
21486
21499
21526
21572
21576
21579
21598
21620
21680
21683
21732
21741
21752
21766
21785
21793
21847
21902
21917
21956
22003
22021
22083
22093
22166
22242
22260
22284
22311
22318
22322
22346
22359
22384
22404
22417
22470
22505
22519
22527
22560
22590
22601
22621
22701
22704
22707
22741
22750
22757
22797
22798
22805
22805
22851
22856
23021
23040
23078
23105
23128
23131
23161
23193
23205
23214
23214
23246
23348
23362
23382
23391
23409
23414
23417
23420
23454
23455
23494
23495
23520
23549
23567
23660
23680
23713
23713
23717
23756
23778
23833
23867
23873
23912
23929
23941
24008
24047
24099
24129
24130
24154
24155
24158
24166
24166
24179
24213
24219
24250
24286
24354
24384
24406
24417
24432
24489
24539
24556
24619
24622
24650
24654
24677
24727
24728
24751
24798
24809
24838
24843
24847
24850
24892
24977
24982
24991
25036
25100
25100
25102
25129
25131
25179
25256
25259
25267
25270
25276
25294
25374
25389
25390
25402
25433
25444
25457
25560
25567
25567
25583
25584
25594
25609
25636
25717
25740
25751
25764
25794
25795
25805
25837
25839
25908
25912
25918
25971
25991
26050
26061
26160
26208
26282
26327
26399
26403
26415
26460
26483
26483
26489
26516
26554
26558
26610
26690
26754
26770
26773
26793
26799
26849
26889
27010
27092
27094
27177
27189
27239
27250
27273
27308
27320
27345
27409
27423
27431
27450
27475
27517
27522
27551
27600
27699
27701
27716
27937
27945
27963
27982
27987
27999
28059
28089
28145
28148
28160
28223
28248
28266
28335
28350
28369
28421
28436
28437
28477
28574
28602
28630
28703
28772
28791
28819
28839
28841
28889
28890
28899
28900
28917
28948
28954
28982
29046
29064
29093
29132
29174
29175
29201
29206
29265
29332
29341
29346
29351
29362
29376
29388
29391
29401
29407
29415
29416
29483
29515
29534
29573
29598
29613
29713
29806
29892
29909
29949
30014
30073
30095
30126
30159
30211
30329
30353
30384
30429
30460
30470
30529
30546
30563
30630
30638
30740
30757
30825
30838
30851
30897
30919
30936
30971
30973
30995
31000
31010
31012
31017
31024
31032
31091
31108
31132
31167
31179
31315
31331
31364
31364
31369
31382
31407
31415
31429
31445
31452
31514
31519
31538
31571
31584
31595
31653
31688
31708
31734
31756
31761
31813
31881
32019
32074
32111
32137
32238
32242
32258
32280
32293
32363
32374
32390
32460
32491
32543
32544
32582
32615
32632
32638
32675
32696
32762
32779
32781
32788
32801
32804
32856
32859
32864
32897
32938
32948
33060
33067
33088
33180
33273
33298
33305
33355
33475
33484
33501
33519
33534
33537
33598
33616
33620
33648
33668
33673
33744
33771
33788
33793
33794
33798
33811
33819
33870
33923
33960
33976
33987
33997
34083
34105
34113
34150
34223
34230
34272
34393
34399
34411
34430
34440
34474
34484
34499
34540
34553
34559
34597
34626
34677
34726
34750
34757
34786
34795
34822
34837
34934
34992
35015
35032
35039
35065
35200
35205
35256
35384
35389
35399
35412
35419
35445
35589
35642
35662
35665
35816
35859
35883
35922
35923
35961
35984
35987
36042
36053
36100
36125
36153
36232
36287
36435
36441
36485
36491
36505
36524
36531
36597
36694
36747
36779
36803
36861
36937
36944
36991
37035
37042
37053
37065
37112
37114
37124
37129
37160
37200
37201
37254
37260
37294
37316
37353
37363
37525
37568
37574
37654
37711
37731
37758
37758
37766
37794
37810
37811
37841
37867
37909
37961
37966
37986
37992
38017
38051
38054
38075
38102
38115
38191
38320
38421
38450
38454
38465
38535
38584
38596
38655
38678
38762
38821
38822
38900
38919
38973
38994
39039
39045
39053
39099
39127
39131
39144
39157
39189
39195
39214
39239
39240
39262
39273
39291
39298
39470
39521
39553
39564
39609
39637
39642
39650
39681
39720
39750
39770
39842
39877
39903
39922
39929
39958
40005
40068
40082
40121
40154
40183
40187
40188
40188
40190
40195
40196
40198
40208
40229
40234
40252
40255
40263
40339
40437
40457
40522
40535
40537
40592
40620
40658
40715
40728
40751
40778
40787
40808
40813
40864
40942
40952
40964
40985
41014
41020
41054
41072
41075
41083
41136
41149
41156
41193
41203
41274
41283
41347
41385
41430
41491
41565
41606
41619
41649
41670
41695
41726
41735
41805
41828
41852
41931
41959
41975
42057
42126
42177
42183
42204
42260
42293
42309
42385
42408
42420
42441
42463
42480
42524
42532
42572
42604
42677
42693
42694
42705
42727
42766
42797
42799
42810
42815
42855
42879
42936
42954
42959
42966
43003
43006
43023
43058
43069
43136
43137
43164
43165
43186
43300
43340
43407
43449
43484
43485
43529
43560
43596
43602
43668
43668
43674
43702
43715
43737
43821
43857
43913
43922
44018
44027
44079
44126
44277
44283
44326
44328
44373
44411
44453
44482
44515
44570
44582
44651
44659
44667
44669
44721
44723
44730
44731
44769
44803
44847
44919
44922
44947
44997
45030
45039
45097
45161
45177
45196
45255
45317
45319
45335
45369
45433
45444
45451
45465
45574
45606
45639
45650
45652
45667
45682
45786
45797
45815
45817
45841
45843
45899
45957
45970
45986
45993
46002
46045
46086
46097
46141
46161
46199
46215
46235
46242
46262
46292
46296
46313
46316
46377
46418
46463
46475
46503
46508
46540
46545
46585
46605
46636
46679
46783
46803
46859
46884
46922
46989
46992
47038
47081
47118
47145
47216
47285
47368
47397
47506
47529
47543
47557
47583
47620
47720
47734
47760
47763
47773
47815
47818
47825
47882
47886
47905
47930
47932
48020
48068
48081
48092
48106
48115
48124
48146
48180
48267
48273
48289
48313
48375
48377
48385
48434
48445
48477
48489
48612
48645
48710
48760
48803
48805
48861
48863
48869
48871
48940
48944
48977
49007
49053
49083
49127
49224
49243
49251
49265
49267
49333
49369
49382
49447
49454
49478
49508
49543
49564
49566
49602
49700
49777
49834
49902
49929
49995
50050
50063
50092
50096
50108
50177
50183
50203
50205
50235
50278
50365
50374
50392
50429
50456
50535
50542
50545
50549
50561
50574
50610
50632
50666
50679
50680
50716
50716
50737
50779
50782
50804
50826
50854
50986
51022
51033
51069
51083
51095
51100
51116
51122
51179
51198
51204
51281
51310
51337
51390
51390
51411
51439
51461
51489
51517
51538
51575
51595
51643
51645
51664
51680
51688
51790
51827
51836
51854
51909
51940
51963
51977
51979
52064
52261
52284
52294
52300
52320
52374
52404
52414
52419
52514
52521
52548
52572
52603
52634
52645
52646
52664
52759
52822
52847
52858
52903
52923
52945
52946
52997
53025
53131
53132
53139
53143
53180
53199
53219
53349
53360
53366
53422
53461
53463
53487
53493
53499
53526
53528
53588
53662
53670
53673
53714
53802
53804
53818
53851
53860
53946
54033
54059
54082
54090
54120
54154
54165
54209
54239
54292
54321
54326
54340
54356
54360
54379
54420
54437
54444
54468
54472
54493
54518
54521
54534
54555
54556
54571
54577
54622
54666
54677
54681
54706
54722
54723
54759
54810
54816
54826
54852
54859
54887
54951
54957
54957
54967
54973
54995
55010
55042
55043
55116
55120
55158
55162
55175
55189
55201
55366
55373
55405
55428
55524
55525
55528
55553
55554
55568
55632
55736
55798
55799
55832
55901
55910
55929
55946
55953
55955
56034
56105
56107
56118
56141
56164
56229
56426
56493
56517
56584
56589
56596
56630
56677
56712
56713
56767
56810
56830
56842
56899
56907
56940
56955
56959
57037
57053
57110
57120
57160
57168
57176
57227
57239
57302
57338
57374
57411
57448
57459
57500
57514
57531
57555
57577
57584
57646
57662
57681
57685
57713
57722
57781
57810
57847
57862
57882
57923
57949
57955
57977
57982
57984
58004
58009
58032
58037
58058
58090
58145
58168
58204
58277
58320
58322
58406
58504
58509
58515
58526
58549
58613
58621
58634
58667
58671
58680
58685
58701
58830
58849
58872
58875
58889
58905
58943
58954
58992
59048
59135
59285
59294
59354
59382
59400
59433
59461
59533
59537
59540
59611
59649
59658
59683
59793
59893
59931
59942
59946
59971
60018
60041
60056
60108
60226
60267
60295
60355
60363
60369
60373
60389
60419
60472
60548
60652
60665
60694
60708
60779
60792
60810
60857
60896
60956
61001
61063
61145
61269
61281
61434
61468
61479
61506
61510
61517
61537
61555
61567
61597
61699
61737
61740
61929
61978
62024
62032
62062
62116
62133
62237
62273
62340
62388
62392
62397
62414
62429
62500
62504
62548
62567
62619
62667
62675
62692
62718
62720
62728
62770
62773
62867
62869
62995
63071
63076
63155
63194
63194
63219
63296
63320
63337
63358
63361
63390
63445
63480
63491
63499
63523
63525
63556
63574
63607
63620
63645
63660
63706
63720
63784
63799
63910
63956
63964
63992
64136
64139
64145
64218
64219
64248
64260
64278
64309
64313
64410
64425
64437
64446
64466
64470
64484
64511
64615
64826
64832
64836
64849
64886
64919
64927
64957
65029
65076
65096
65105
65113
65156
65204
65221
65252
65254
65286
65304
65330
65383
65390
65404
65438
65449
65476
65489
65521
65525
65533
